xof 0303txt 0032
template KeyValuePair {
 <26e6b1c3-3d4d-4a1d-a437-b33668ffa1c2>
 STRING key;
 STRING value;
}

template Frame {
 <3d82ab46-62da-11cf-ab39-0020af71e433>
 [...]
}

template Matrix4x4 {
 <f6f23f45-7686-11cf-8f52-0040333594a3>
 array FLOAT matrix[16];
}

template FrameTransformMatrix {
 <f6f23f41-7686-11cf-8f52-0040333594a3>
 Matrix4x4 frameMatrix;
}

template ObjectMatrixComment {
 <95a48e28-7ef4-4419-a16a-ba9dbdf0d2bc>
 Matrix4x4 objectMatrix;
}

template Vector {
 <3d82ab5e-62da-11cf-ab39-0020af71e433>
 FLOAT x;
 FLOAT y;
 FLOAT z;
}

template MeshFace {
 <3d82ab5f-62da-11cf-ab39-0020af71e433>
 DWORD nFaceVertexIndices;
 array DWORD faceVertexIndices[nFaceVertexIndices];
}

template Mesh {
 <3d82ab44-62da-11cf-ab39-0020af71e433>
 DWORD nVertices;
 array Vector vertices[nVertices];
 DWORD nFaces;
 array MeshFace faces[nFaces];
 [...]
}

template MeshNormals {
 <f6f23f43-7686-11cf-8f52-0040333594a3>
 DWORD nNormals;
 array Vector normals[nNormals];
 DWORD nFaceNormals;
 array MeshFace faceNormals[nFaceNormals];
}

template Coords2d {
 <f6f23f44-7686-11cf-8f52-0040333594a3>
 FLOAT u;
 FLOAT v;
}

template MeshTextureCoords {
 <f6f23f40-7686-11cf-8f52-0040333594a3>
 DWORD nTextureCoords;
 array Coords2d textureCoords[nTextureCoords];
}

template VertexElement {
 <f752461c-1e23-48f6-b9f8-8350850f336f>
 DWORD Type;
 DWORD Method;
 DWORD Usage;
 DWORD UsageIndex;
}

template DeclData {
 <bf22e553-292c-4781-9fea-62bd554bdd93>
 DWORD nElements;
 array VertexElement Elements[nElements];
 DWORD nDWords;
 array DWORD data[nDWords];
}

template XSkinMeshHeader {
 <3cf169ce-ff7c-44ab-93c0-f78f62d172e2>
 WORD nMaxSkinWeightsPerVertex;
 WORD nMaxSkinWeightsPerFace;
 WORD nBones;
}

template SkinWeights {
 <6f0d123b-bad2-4167-a0d0-80224f25fabb>
 STRING transformNodeName;
 DWORD nWeights;
 array DWORD vertexIndices[nWeights];
 array FLOAT weights[nWeights];
 Matrix4x4 matrixOffset;
}

template ColorRGBA {
 <35ff44e0-6c7c-11cf-8f52-0040333594a3>
 FLOAT red;
 FLOAT green;
 FLOAT blue;
 FLOAT alpha;
}

template ColorRGB {
 <d3e16e81-7835-11cf-8f52-0040333594a3>
 FLOAT red;
 FLOAT green;
 FLOAT blue;
}

template Material {
 <3d82ab4d-62da-11cf-ab39-0020af71e433>
 ColorRGBA faceColor;
 FLOAT power;
 ColorRGB specularColor;
 ColorRGB emissiveColor;
 [...]
}

template MeshMaterialList {
 <f6f23f42-7686-11cf-8f52-0040333594a3>
 DWORD nMaterials;
 DWORD nFaceIndexes;
 array DWORD faceIndexes[nFaceIndexes];
 [Material <3d82ab4d-62da-11cf-ab39-0020af71e433>]
}

template TextureFilename {
 <a42790e1-7810-11cf-8f52-0040333594a3>
 STRING filename;
}

template AnimTicksPerSecond {
 <9e415a43-7ba6-4a73-8743-b73d47e88476>
 DWORD AnimTicksPerSecond;
}

template Animation {
 <3d82ab4f-62da-11cf-ab39-0020af71e433>
 [...]
}

template AnimationSet {
 <3d82ab50-62da-11cf-ab39-0020af71e433>
 [Animation <3d82ab4f-62da-11cf-ab39-0020af71e433>]
}

template AnimationOptions {
 <e2bf56c0-840f-11cf-8f52-0040333594a3>
 DWORD openclosed;
 DWORD positionquality;
}

template FloatKeys {
 <10dd46a9-775b-11cf-8f52-0040333594a3>
 DWORD nValues;
 array FLOAT values[nValues];
}

template TimedFloatKeys {
 <f406b180-7b3b-11cf-8f52-0040333594a3>
 DWORD time;
 FloatKeys tfkeys;
}

template AnimationKey {
 <10dd46a8-775b-11cf-8f52-0040333594a3>
 DWORD keyType;
 DWORD nKeys;
 array TimedFloatKeys keys[nKeys];
}


KeyValuePair {
 "Date";
 "2012-09-14 03:37:24";
}

KeyValuePair {
 "File";
 "droid_box.max";
}

KeyValuePair {
 "User";
 "Death";
}

KeyValuePair {
 "CoreTime";
 "0";
}

Frame Root {
 

 FrameTransformMatrix relative {
  -0.000000,0.003667,0.999993,0.000000,0.000000,0.999993,-0.003667,0.000000,-1.000000,0.000000,-0.000000,0.000000,0.000000,0.000000,-0.000000,1.000000;;
 }

 ObjectMatrixComment object {
  1.000000,0.000000,0.000000,0.000000,0.000000,1.000000,0.000000,0.000000,0.000000,0.000000,1.000000,0.000000,0.000000,0.000000,0.000000,1.000000;;
 }

 Frame spine_01 {
  

  FrameTransformMatrix relative {
   0.928905,0.370317,0.000000,0.000000,-0.370317,0.928905,-0.000000,0.000000,-0.000000,0.000000,1.000000,0.000000,0.005041,-0.000000,-0.000000,1.000000;;
  }

  ObjectMatrixComment object {
   1.000000,0.000000,0.000000,0.000000,0.000000,1.000000,0.000000,0.000000,0.000000,0.000000,1.000000,0.000000,0.000000,0.000000,0.000000,1.000000;;
  }

  Frame spine_02 {
   

   FrameTransformMatrix relative {
    0.365990,0.930618,0.000000,0.000000,-0.930618,0.365990,-0.000000,0.000000,-0.000000,0.000000,1.000000,0.000000,0.017617,-0.000000,0.000000,1.000000;;
   }

   ObjectMatrixComment object {
    1.000000,0.000000,-0.000000,0.000000,-0.000000,1.000000,-0.000000,0.000000,0.000000,0.000000,1.000000,0.000000,-0.000000,-0.000000,0.000000,1.000000;;
   }

   Frame spine_03 {
    

    FrameTransformMatrix relative {
     -0.026004,0.999662,-0.000002,0.000000,0.999662,0.026004,-0.000005,0.000000,-0.000005,-0.000002,-1.000000,0.000000,0.009690,0.000000,0.000000,1.000000;;
    }

    ObjectMatrixComment object {
     1.000000,0.000000,0.000000,0.000000,0.000000,1.000000,0.000000,0.000000,0.000000,-0.000000,1.000000,0.000000,0.000000,-0.000000,0.000000,1.000000;;
    }

    Frame Bone19 {
     

     FrameTransformMatrix relative {
      0.709889,-0.704313,0.000000,0.000000,0.704313,0.709889,-0.000000,0.000000,0.000000,-0.000000,1.000000,0.000000,0.010253,-0.000000,0.000000,1.000000;;
     }

     ObjectMatrixComment object {
      1.000000,0.000000,-0.000000,0.000000,-0.000000,1.000000,0.000000,0.000000,-0.000000,0.000000,1.000000,0.000000,0.000000,0.000000,-0.000000,1.000000;;
     }

     Frame left_front_01 {
      

      FrameTransformMatrix relative {
       0.484632,0.527296,0.697919,0.000000,-0.475394,0.828532,-0.295865,0.000000,-0.734256,-0.188400,0.652206,0.000000,0.016130,-0.000000,0.000000,1.000000;;
      }

      ObjectMatrixComment object {
       1.000000,0.000000,0.000000,0.000000,-0.000000,1.000000,0.000000,0.000000,0.000000,0.000000,1.000000,0.000000,-0.000000,0.000000,-0.000000,1.000000;;
      }

      Frame left_front_02 {
       

       FrameTransformMatrix relative {
        -0.616863,0.721341,0.314878,0.000000,0.785499,0.589489,0.188400,0.000000,-0.049716,0.363553,-0.930246,0.000000,0.005943,0.000000,-0.000000,1.000000;;
       }

       ObjectMatrixComment object {
        1.000000,0.000000,0.000000,0.000000,-0.000000,1.000000,0.000000,0.000000,0.000000,-0.000000,1.000000,0.000000,0.000000,0.000000,0.000000,1.000000;;
       }

       Frame left_front_03 {
        

        FrameTransformMatrix relative {
         -0.549452,0.833513,-0.057953,0.000000,0.835482,0.547393,-0.048274,0.000000,-0.008514,-0.074943,-0.997151,0.000000,0.009490,0.000000,-0.000000,1.000000;;
        }

        ObjectMatrixComment object {
         1.000000,0.000000,0.000000,0.000000,0.000000,1.000000,-0.000000,0.000000,0.000000,0.000000,1.000000,0.000000,0.000000,-0.000000,-0.000000,1.000000;;
        }

        Frame left_front_04 {
         

         FrameTransformMatrix relative {
          0.287739,-0.957470,0.021381,0.000000,0.957010,0.288310,0.031777,0.000000,-0.036590,0.011319,0.999266,0.000000,0.012524,0.000000,0.000000,1.000000;;
         }

         ObjectMatrixComment object {
          1.000000,0.000000,0.000000,0.000000,0.000000,1.000000,0.000000,0.000000,0.000000,-0.000000,1.000000,0.000000,0.000000,0.000000,0.000000,1.000000;;
         }
        }
       }
      }
     }

     Frame left_back_01 {
      

      FrameTransformMatrix relative {
       -0.481941,-0.516883,0.707506,0.000000,-0.290994,0.856056,0.427189,0.000000,-0.826472,0.000000,-0.562979,0.000000,0.016130,-0.000000,0.000000,1.000000;;
      }

      ObjectMatrixComment object {
       1.000000,0.000000,0.000000,0.000000,0.000000,1.000000,-0.000000,0.000000,0.000000,0.000000,1.000000,0.000000,-0.000000,-0.000000,-0.000000,1.000000;;
      }

      Frame left_back_02 {
       

       FrameTransformMatrix relative {
        -0.627230,0.624595,0.465256,0.000000,0.777080,0.541938,0.320075,0.000000,-0.052223,0.562303,-0.825281,0.000000,0.005919,-0.000000,-0.000000,1.000000;;
       }

       ObjectMatrixComment object {
        1.000000,0.000000,0.000000,0.000000,-0.000000,1.000000,-0.000000,0.000000,-0.000000,0.000000,1.000000,0.000000,-0.000000,0.000000,-0.000000,1.000000;;
       }

       Frame left_back_03 {
        

        FrameTransformMatrix relative {
         -0.547436,0.834487,-0.062818,0.000000,0.835772,0.548995,0.009518,0.000000,0.042429,-0.047291,-0.997980,0.000000,0.009502,0.000000,-0.000000,1.000000;;
        }

        ObjectMatrixComment object {
         1.000000,0.000000,0.000000,0.000000,-0.000000,1.000000,-0.000000,0.000000,0.000000,0.000000,1.000000,0.000000,0.000000,-0.000000,-0.000000,1.000000;;
        }

        Frame left_back_04 {
         

         FrameTransformMatrix relative {
          0.287770,-0.956213,-0.053334,0.000000,0.957487,0.288432,-0.004989,0.000000,0.020154,-0.049631,0.998564,0.000000,0.012520,0.000000,0.000000,1.000000;;
         }

         ObjectMatrixComment object {
          1.000000,-0.000000,0.000000,0.000000,-0.000000,1.000000,0.000000,0.000000,0.000000,-0.000000,1.000000,0.000000,-0.000000,0.000000,0.000000,1.000000;;
         }
        }
       }
      }
     }

     Frame right_back_01 {
      

      FrameTransformMatrix relative {
       -0.481937,-0.516891,-0.707503,0.000000,-0.290992,0.856052,-0.427200,0.000000,0.826474,-0.000006,-0.562974,0.000000,0.016130,0.000000,-0.000000,1.000000;;
      }

      ObjectMatrixComment object {
       1.000000,0.000000,0.000000,0.000000,0.000000,1.000000,-0.000000,0.000000,0.000000,0.000000,1.000000,0.000000,0.000000,-0.000000,0.000000,1.000000;;
      }

      Frame right_back_02 {
       

       FrameTransformMatrix relative {
        -0.627231,0.624595,-0.465256,0.000000,0.777081,0.541938,-0.320076,0.000000,0.052222,-0.562303,-0.825280,0.000000,0.005919,-0.000000,0.000000,1.000000;;
       }

       ObjectMatrixComment object {
        1.000000,0.000000,0.000000,0.000000,0.000000,1.000000,0.000000,0.000000,-0.000000,-0.000000,1.000000,0.000000,-0.000000,-0.000000,0.000000,1.000000;;
       }

       Frame right_back_03 {
        

        FrameTransformMatrix relative {
         -0.547436,0.834486,0.062818,0.000000,0.835771,0.548995,-0.009518,0.000000,-0.042429,0.047291,-0.997979,0.000000,0.009502,0.000000,0.000000,1.000000;;
        }

        ObjectMatrixComment object {
         1.000000,-0.000000,0.000000,0.000000,0.000000,1.000000,0.000000,0.000000,-0.000000,0.000000,1.000000,0.000000,0.000000,0.000000,0.000000,1.000000;;
        }

        Frame right_back_04 {
         

         FrameTransformMatrix relative {
          0.287771,-0.956213,0.053334,0.000000,0.957487,0.288433,0.004990,0.000000,-0.020155,0.049631,0.998564,0.000000,0.012520,0.000000,-0.000000,1.000000;;
         }

         ObjectMatrixComment object {
          1.000000,0.000000,-0.000000,0.000000,0.000000,1.000000,-0.000000,0.000000,-0.000000,-0.000000,1.000000,0.000000,0.000000,0.000000,0.000000,1.000000;;
         }
        }
       }
      }
     }

     Frame right_front_01 {
      

      FrameTransformMatrix relative {
       0.484636,0.527288,-0.697922,0.000000,-0.475396,0.828535,0.295854,0.000000,0.734253,0.188408,0.652208,0.000000,0.016130,0.000000,-0.000000,1.000000;;
      }

      ObjectMatrixComment object {
       1.000000,0.000000,-0.000000,0.000000,0.000000,1.000000,-0.000000,0.000000,0.000000,0.000000,1.000000,0.000000,0.000000,-0.000000,-0.000000,1.000000;;
      }

      Frame right_front_02 {
       

       FrameTransformMatrix relative {
        -0.616863,0.721341,-0.314878,0.000000,0.785499,0.589489,-0.188400,0.000000,0.049716,-0.363553,-0.930246,0.000000,0.005943,-0.000000,0.000000,1.000000;;
       }

       ObjectMatrixComment object {
        1.000000,0.000000,0.000000,0.000000,-0.000000,1.000000,0.000000,0.000000,0.000000,0.000000,1.000000,0.000000,0.000000,0.000000,0.000000,1.000000;;
       }

       Frame right_front_03 {
        

        FrameTransformMatrix relative {
         -0.549450,0.833500,0.058169,0.000000,0.835482,0.547369,0.048542,0.000000,0.008620,0.075270,-0.997126,0.000000,0.009490,0.000000,0.000000,1.000000;;
        }

        ObjectMatrixComment object {
         1.000000,0.000000,-0.000000,0.000000,-0.000000,1.000000,0.000000,0.000000,0.000000,-0.000000,1.000000,0.000000,-0.000000,0.000000,0.000000,1.000000;;
        }

        Frame right_front_04 {
         

         FrameTransformMatrix relative {
          0.287738,-0.957471,-0.021381,0.000000,0.957010,0.288309,-0.031777,0.000000,0.036590,-0.011318,0.999266,0.000000,0.012524,0.000000,-0.000000,1.000000;;
         }

         ObjectMatrixComment object {
          1.000000,-0.000000,0.000000,0.000000,0.000000,1.000000,0.000000,0.000000,0.000000,-0.000000,1.000000,0.000000,0.000000,0.000000,0.000000,1.000000;;
         }
        }
       }
      }
     }

     Frame connectBone06 {
      

      FrameTransformMatrix relative {
       0.881464,0.472252,0.000002,0.000000,-0.472252,0.881464,-0.000002,0.000000,-0.000003,0.000000,1.000000,0.000000,0.016130,0.000000,-0.000000,1.000000;;
      }

      ObjectMatrixComment object {
       1.000000,0.000000,-0.000000,0.000000,0.000000,1.000000,0.000000,0.000000,0.000000,0.000000,1.000000,0.000000,-0.000000,0.000000,-0.000000,1.000000;;
      }

      Frame Bone17 {
       

       FrameTransformMatrix relative {
        -0.318304,0.947989,-0.000003,0.000000,0.000002,0.000004,1.000000,0.000000,0.947989,0.318304,-0.000003,0.000000,0.013175,0.000000,0.000000,1.000000;;
       }

       ObjectMatrixComment object {
        1.000000,-0.000000,0.000000,0.000000,0.000000,1.000000,0.000000,0.000000,-0.000000,-0.000000,1.000000,0.000000,0.000000,0.000000,0.000000,1.000000;;
       }

       Frame Bone18 {
        

        FrameTransformMatrix relative {
         1.000000,-0.000000,0.000000,0.000000,0.000000,1.000000,-0.000000,0.000000,-0.000000,0.000000,1.000000,0.000000,0.008327,0.000000,0.000000,1.000000;;
        }

        ObjectMatrixComment object {
         1.000000,-0.000000,0.000000,0.000000,0.000000,1.000000,0.000000,0.000000,0.000000,0.000000,1.000000,0.000000,-0.000000,0.000000,0.000000,1.000000;;
        }
       }
      }
     }
    }

    Frame left_hand_01 {
     

     FrameTransformMatrix relative {
      0.389402,0.548970,0.739593,0.000000,-0.255754,0.835842,-0.485755,0.000000,-0.884848,0.000000,0.465880,0.000000,0.010253,-0.000000,0.000000,1.000000;;
     }

     ObjectMatrixComment object {
      1.000000,-0.000000,0.000000,0.000000,0.000000,1.000000,0.000000,0.000000,0.000000,0.000000,1.000000,0.000000,-0.000000,0.000000,0.000000,1.000000;;
     }

     Frame left_hand_02 {
      

      FrameTransformMatrix relative {
       0.408012,-0.226916,-0.884327,0.000000,0.535278,0.844130,0.030366,0.000000,0.739597,-0.485750,0.465878,0.000000,0.016888,0.000000,0.000000,1.000000;;
      }

      ObjectMatrixComment object {
       1.000000,0.000000,0.000000,0.000000,0.000000,1.000000,0.000000,0.000000,0.000000,-0.000000,1.000000,0.000000,0.000000,-0.000000,-0.000000,1.000000;;
      }
     }
    }

    Frame spine_04 {
     

     FrameTransformMatrix relative {
      0.997914,0.064552,-0.000003,0.000000,-0.064552,0.997914,0.000000,0.000000,0.000003,0.000000,1.000000,0.000000,0.010253,-0.000000,0.000000,1.000000;;
     }

     ObjectMatrixComment object {
      1.000000,-0.000000,0.000000,0.000000,0.000000,1.000000,-0.000000,0.000000,0.000000,-0.000000,1.000000,0.000000,-0.000000,0.000000,-0.000000,1.000000;;
     }

     Frame spine_05 {
      

      FrameTransformMatrix relative {
       -0.917283,0.398237,-0.000003,0.000000,0.398237,0.917283,-0.000005,0.000000,0.000001,-0.000006,-1.000000,0.000000,0.023555,0.000000,0.000000,1.000000;;
      }

      ObjectMatrixComment object {
       1.000000,0.000000,-0.000000,0.000000,0.000000,1.000000,-0.000000,0.000000,-0.000000,0.000000,1.000000,0.000000,0.000000,-0.000000,0.000000,1.000000;;
      }

      Frame spine_06 {
       

       FrameTransformMatrix relative {
        -0.927642,0.373460,0.002768,0.000000,0.373461,0.927646,-0.000185,0.000000,-0.002637,0.000862,-0.999996,0.000000,0.011150,0.000000,-0.000000,1.000000;;
       }

       ObjectMatrixComment object {
        1.000000,0.000000,0.000000,0.000000,-0.000000,1.000000,-0.000000,0.000000,0.000000,-0.000000,1.000000,0.000000,0.000000,0.000000,0.000000,1.000000;;
       }
      }
     }
    }

    Frame right_hand_01 {
     

     FrameTransformMatrix relative {
      0.389400,0.548961,-0.739601,0.000000,-0.255752,0.835848,0.485746,0.000000,0.884850,0.000005,0.465877,0.000000,0.010253,0.000000,0.000000,1.000000;;
     }

     ObjectMatrixComment object {
      1.000000,0.000000,-0.000000,0.000000,0.000000,1.000000,-0.000000,0.000000,0.000000,0.000000,1.000000,0.000000,0.000000,-0.000000,0.000000,1.000000;;
     }

     Frame right_hand_02 {
      

      FrameTransformMatrix relative {
       0.408012,-0.226916,0.884328,0.000000,0.535277,0.844131,-0.030366,0.000000,-0.739598,0.485750,0.465878,0.000000,0.016888,0.000000,0.000000,1.000000;;
      }

      ObjectMatrixComment object {
       1.000000,0.000000,0.000000,0.000000,0.000000,1.000000,-0.000000,0.000000,0.000000,-0.000000,1.000000,0.000000,0.000000,0.000000,0.000000,1.000000;;
      }
     }
    }
   }
  }
 }
}

Frame droid_box {
 

 FrameTransformMatrix relative {
  1.000000,0.000000,0.000000,0.000000,0.000000,1.000000,0.000000,0.000000,0.000000,0.000000,1.000000,0.000000,0.000000,0.000000,0.000000,1.000000;;
 }

 ObjectMatrixComment object {
  1.000000,0.000000,0.000000,0.000000,0.000000,1.000000,0.000000,0.000000,0.000000,0.000000,1.000000,0.000000,0.000000,0.000000,0.000000,1.000000;;
 }

 Mesh mesh_droid_box {
  2204;
  0.000000;-0.000000;-0.012490;,
  0.000000;-0.000000;-0.008327;,
  0.004163;0.000000;-0.008327;,
  0.004163;-0.000000;-0.012490;,
  0.008327;0.000000;-0.008327;,
  0.008327;0.000000;-0.012490;,
  0.012490;0.000000;-0.008327;,
  0.012490;0.000000;-0.012490;,
  0.000000;0.000000;-0.004163;,
  0.004163;0.000000;-0.004163;,
  0.008327;0.000000;-0.004163;,
  0.012490;0.000000;-0.004163;,
  0.000000;0.000000;0.000000;,
  0.004163;0.000000;0.000000;,
  0.008327;0.000000;0.000000;,
  0.012490;0.000000;0.000000;,
  0.000000;0.000000;0.000000;,
  0.000000;0.000000;0.004163;,
  0.004163;0.000000;0.004163;,
  0.004163;0.000000;0.000000;,
  0.008327;0.000000;0.004163;,
  0.008327;0.000000;0.000000;,
  0.012490;0.000000;0.004163;,
  0.012490;0.000000;0.000000;,
  0.000000;0.000000;0.008327;,
  0.004163;0.000000;0.008327;,
  0.008327;0.000000;0.008327;,
  0.012490;0.000000;0.008327;,
  0.000000;0.000000;0.012490;,
  0.004163;0.000000;0.012490;,
  0.008327;0.000000;0.012490;,
  0.012490;0.000000;0.012490;,
  0.000000;0.024980;-0.012490;,
  0.004163;0.024980;-0.012490;,
  0.004163;0.024980;-0.008327;,
  0.000000;0.024980;-0.008327;,
  0.008327;0.024980;-0.012490;,
  0.008327;0.024972;-0.008238;,
  0.008327;0.024980;-0.012490;,
  0.012490;0.024980;-0.012490;,
  0.012490;0.024980;-0.008327;,
  0.008327;0.024980;-0.008327;,
  0.004163;0.024980;-0.004264;,
  0.000000;0.024980;-0.004267;,
  0.008327;0.024980;-0.008327;,
  0.012490;0.024980;-0.008327;,
  0.012490;0.024980;-0.004163;,
  0.008327;0.024980;-0.004163;,
  0.004163;0.024980;0.000000;,
  0.000000;0.024980;0.000000;,
  0.008327;0.024980;-0.004163;,
  0.008327;0.024980;0.000000;,
  0.008327;0.024980;-0.004163;,
  0.012490;0.024980;-0.004163;,
  0.012490;0.024980;0.000000;,
  0.008327;0.024980;0.000000;,
  0.004163;0.024980;0.004163;,
  0.000000;0.024980;0.004163;,
  0.008327;0.024980;0.004163;,
  0.012490;0.024980;0.004163;,
  0.008327;0.024980;0.004163;,
  0.004163;0.024980;0.008327;,
  0.000000;0.024980;0.008327;,
  0.008327;0.024980;0.008327;,
  0.008327;0.024980;0.004163;,
  0.012490;0.024980;0.004163;,
  0.012490;0.024980;0.008327;,
  0.008327;0.024980;0.008327;,
  -0.000000;0.024980;0.008327;,
  0.004163;0.024980;0.008327;,
  0.004163;0.024980;0.012490;,
  -0.000000;0.024980;0.012490;,
  0.008327;0.024980;0.008327;,
  0.008327;0.024980;0.012490;,
  0.012490;0.024980;0.008327;,
  0.012490;0.024980;0.012490;,
  0.004163;0.004163;-0.012490;,
  0.000000;0.004163;-0.012490;,
  0.000000;-0.000000;-0.012490;,
  0.004163;-0.000000;-0.012490;,
  0.008327;-0.000000;-0.012490;,
  0.012490;-0.000000;-0.012490;,
  0.012490;0.004163;-0.012490;,
  0.008327;0.004163;-0.012490;,
  0.008327;0.008327;-0.012490;,
  0.004163;0.008327;-0.012490;,
  0.004163;0.004163;-0.012490;,
  0.008327;0.004163;-0.012490;,
  0.012490;0.008327;-0.012490;,
  0.008327;0.008327;-0.012490;,
  0.000000;0.008327;-0.012490;,
  0.004163;0.012490;-0.012490;,
  0.000000;0.012490;-0.012490;,
  0.012490;0.012490;-0.012490;,
  0.008327;0.012490;-0.012490;,
  0.004163;0.016653;-0.012490;,
  0.000000;0.016653;-0.012490;,
  0.008327;0.016653;-0.012490;,
  0.012490;0.016653;-0.012490;,
  0.008327;0.016653;-0.012490;,
  0.000000;0.016653;-0.012490;,
  0.004163;0.016653;-0.012490;,
  0.004163;0.020817;-0.012490;,
  0.000000;0.020817;-0.012490;,
  0.008327;0.020817;-0.012490;,
  0.012490;0.020817;-0.012490;,
  0.004163;0.024980;-0.012490;,
  0.000000;0.024980;-0.012490;,
  0.008327;0.020817;-0.012490;,
  0.008327;0.024980;-0.012490;,
  0.012490;0.020817;-0.012490;,
  0.012490;0.024980;-0.012490;,
  0.008327;0.024980;-0.012490;,
  0.012490;0.000000;-0.008327;,
  0.012490;0.004163;-0.008327;,
  0.012490;0.000000;-0.012490;,
  0.012490;0.000000;-0.004163;,
  0.012490;0.004163;-0.004163;,
  0.012490;0.000000;0.000000;,
  0.012490;0.004163;0.000000;,
  0.012490;0.000000;0.004163;,
  0.012490;0.004163;0.004163;,
  0.012490;0.000000;0.008327;,
  0.012490;0.004163;0.008327;,
  0.012490;0.000000;0.012490;,
  0.012490;0.004163;0.012490;,
  0.012490;0.004163;0.008327;,
  0.012490;0.004163;-0.012490;,
  0.012490;0.004163;-0.008327;,
  0.012490;0.008327;-0.008327;,
  0.012490;0.008327;-0.012490;,
  0.012490;0.008327;-0.004163;,
  0.012490;0.008327;-0.008327;,
  0.012490;0.008327;0.000000;,
  0.012490;0.008327;0.004163;,
  0.012490;0.008327;0.008327;,
  0.012490;0.008327;0.012490;,
  0.012490;0.008327;0.008327;,
  0.012490;0.012490;-0.008327;,
  0.012490;0.012490;-0.012490;,
  0.012490;0.012490;-0.004163;,
  0.012490;0.012490;0.000000;,
  0.012490;0.012490;0.004163;,
  0.012490;0.012490;0.008327;,
  0.012490;0.012490;0.004163;,
  0.012490;0.012490;0.012490;,
  0.012490;0.016653;-0.008327;,
  0.012490;0.016653;-0.012490;,
  0.012490;0.016653;-0.004163;,
  0.012490;0.016653;-0.008327;,
  0.012490;0.016653;0.000000;,
  0.012490;0.016653;0.004163;,
  0.012490;0.016653;0.008327;,
  0.012490;0.016653;0.012490;,
  0.012490;0.016653;0.008327;,
  0.012490;0.020817;-0.008327;,
  0.012490;0.020817;-0.012490;,
  0.012490;0.020817;-0.004163;,
  0.012490;0.020817;0.000000;,
  0.012490;0.020817;0.004163;,
  0.012490;0.020817;0.008327;,
  0.012490;0.020817;0.012490;,
  0.012490;0.024980;-0.008327;,
  0.012490;0.024980;-0.012490;,
  0.012490;0.020817;-0.008327;,
  0.012490;0.020817;-0.004163;,
  0.012490;0.024980;-0.004163;,
  0.012490;0.024980;-0.008327;,
  0.012490;0.024980;0.000000;,
  0.012490;0.024980;-0.004163;,
  0.012490;0.024980;0.004163;,
  0.012490;0.020817;0.004163;,
  0.012490;0.020817;0.008327;,
  0.012490;0.024980;0.008327;,
  0.012490;0.024980;0.004163;,
  0.012490;0.020817;0.012490;,
  0.012490;0.024980;0.012490;,
  0.012490;0.024980;0.008327;,
  0.012490;0.000000;0.012490;,
  0.008327;0.000000;0.012490;,
  0.008327;0.004163;0.012490;,
  0.004163;0.000000;0.012490;,
  0.004163;0.004163;0.012490;,
  0.000000;0.000000;0.012490;,
  0.000000;0.004163;0.012490;,
  0.012490;0.004163;0.012490;,
  0.008327;0.004163;0.012490;,
  0.008327;0.008327;0.012490;,
  0.012490;0.008327;0.012490;,
  0.004163;0.008327;0.012490;,
  0.008327;0.008327;0.012490;,
  0.000000;0.008327;0.012490;,
  0.008327;0.012490;0.012490;,
  0.012490;0.012490;0.012490;,
  0.004163;0.012490;0.012490;,
  0.000000;0.012490;0.012490;,
  0.004163;0.012490;0.012490;,
  0.008327;0.016653;0.012490;,
  0.012490;0.016653;0.012490;,
  -0.000000;0.016653;0.012490;,
  0.004163;0.016653;0.012490;,
  0.008327;0.016653;0.012490;,
  0.008327;0.020817;0.012490;,
  0.012490;0.020817;0.012490;,
  0.004163;0.020817;0.012490;,
  -0.000000;0.020817;0.012490;,
  0.008327;0.024980;0.012490;,
  0.012490;0.024980;0.012490;,
  0.004163;0.024980;0.012490;,
  -0.000000;0.024980;0.012490;,
  0.004163;0.012490;-0.012490;,
  0.008327;0.000000;-0.012490;,
  0.012490;0.000000;-0.012490;,
  0.012490;0.020817;-0.012490;,
  0.012490;0.012490;-0.004163;,
  0.012490;-0.000000;-0.012490;,
  0.012490;0.000000;0.012490;,
  0.012490;0.000000;0.012490;,
  0.012490;0.020817;0.012490;,
  0.012490;0.020817;-0.012490;,
  0.010408;0.016653;-0.010408;,
  0.008327;0.016653;-0.012490;,
  0.012490;0.016653;-0.008327;,
  0.012490;0.012490;-0.004163;,
  0.008327;0.012490;-0.008327;,
  0.008327;0.012490;-0.008327;,
  0.010408;0.016653;-0.010408;,
  0.012490;0.016653;-0.008327;,
  0.008327;0.008327;-0.012490;,
  0.010408;0.008327;-0.010408;,
  0.010408;0.004163;-0.010408;,
  0.010408;0.004163;-0.010408;,
  0.008327;0.004163;-0.012490;,
  0.008327;0.008327;-0.012490;,
  0.008327;0.008327;-0.012490;,
  0.004163;0.012490;-0.012490;,
  0.008327;0.012490;-0.008327;,
  0.008327;0.012490;-0.008327;,
  0.010408;0.008327;-0.010408;,
  0.008327;0.008327;-0.012490;,
  0.008327;0.004163;-0.012490;,
  0.010408;0.004163;-0.010408;,
  0.012490;-0.000000;-0.012490;,
  0.012490;0.008327;0.008327;,
  0.010408;0.008327;0.010408;,
  0.010408;0.004163;0.010408;,
  0.010408;0.004163;0.010408;,
  0.012490;0.004163;0.008327;,
  0.012490;0.008327;0.008327;,
  0.012490;0.016653;0.008327;,
  0.012490;0.020817;0.012490;,
  0.010408;0.016653;0.010408;,
  0.012490;0.016653;0.008327;,
  0.010408;0.016653;0.010408;,
  0.008327;0.012490;0.008327;,
  0.008327;0.012490;0.008327;,
  0.012490;0.012490;0.004163;,
  0.012490;0.016653;0.008327;,
  0.012490;0.008327;0.008327;,
  0.012490;0.012490;0.004163;,
  0.008327;0.012490;0.008327;,
  0.008327;0.012490;0.008327;,
  0.010408;0.008327;0.010408;,
  0.012490;0.008327;0.008327;,
  0.012490;0.000000;0.012490;,
  0.012490;0.004163;0.008327;,
  0.010408;0.004163;0.010408;,
  0.008327;0.024980;0.004163;,
  0.008327;0.024980;0.008327;,
  0.008396;0.024278;0.008327;,
  0.008396;0.024278;0.008327;,
  0.008396;0.024278;0.004163;,
  0.008327;0.024980;0.004163;,
  0.008327;0.024980;-0.008327;,
  0.008327;0.024980;-0.004163;,
  0.008396;0.024278;-0.004163;,
  0.008396;0.024278;-0.004163;,
  0.008396;0.024278;-0.008327;,
  0.008327;0.024980;-0.008327;,
  0.012490;0.024980;-0.008327;,
  0.008327;0.024980;-0.008327;,
  0.008396;0.024278;-0.008327;,
  0.008396;0.024278;-0.008327;,
  0.011765;0.024278;-0.008327;,
  0.012490;0.024980;-0.008327;,
  0.008327;0.024980;-0.004163;,
  0.012490;0.024980;-0.004163;,
  0.011765;0.024278;-0.004163;,
  0.011765;0.024278;-0.004163;,
  0.008396;0.024278;-0.004163;,
  0.008327;0.024980;-0.004163;,
  0.012490;0.024980;0.004163;,
  0.008327;0.024980;0.004163;,
  0.008396;0.024278;0.004163;,
  0.008396;0.024278;0.004163;,
  0.011765;0.024278;0.004163;,
  0.012490;0.024980;0.004163;,
  0.008327;0.024980;0.008327;,
  0.012490;0.024980;0.008327;,
  0.011765;0.024278;0.008327;,
  0.011765;0.024278;0.008327;,
  0.008396;0.024278;0.008327;,
  0.008327;0.024980;0.008327;,
  0.012490;0.020817;-0.004163;,
  0.012490;0.020817;-0.008327;,
  0.011765;0.020813;-0.008327;,
  0.011765;0.020813;-0.008327;,
  0.011765;0.020813;-0.004163;,
  0.012490;0.020817;-0.004163;,
  0.012490;0.020817;0.008327;,
  0.012490;0.020817;0.004163;,
  0.011765;0.020813;0.004163;,
  0.011765;0.020813;0.004163;,
  0.011765;0.020813;0.008327;,
  0.012490;0.020817;0.008327;,
  0.012490;0.020817;-0.008327;,
  0.012490;0.024980;-0.008327;,
  0.011765;0.024278;-0.008327;,
  0.011765;0.024278;-0.008327;,
  0.011765;0.020813;-0.008327;,
  0.012490;0.020817;-0.008327;,
  0.012490;0.024980;-0.004163;,
  0.012490;0.020817;-0.004163;,
  0.011765;0.020813;-0.004163;,
  0.011765;0.020813;-0.004163;,
  0.011765;0.024278;-0.004163;,
  0.012490;0.024980;-0.004163;,
  0.012490;0.020817;0.004163;,
  0.012490;0.024980;0.004163;,
  0.011765;0.024278;0.004163;,
  0.011765;0.024278;0.004163;,
  0.011765;0.020813;0.004163;,
  0.012490;0.020817;0.004163;,
  0.012490;0.024980;0.008327;,
  0.012490;0.020817;0.008327;,
  0.011765;0.020813;0.008327;,
  0.011765;0.020813;0.008327;,
  0.011765;0.024278;0.008327;,
  0.012490;0.024980;0.008327;,
  0.011765;0.020813;0.008327;,
  0.011765;0.020813;0.004163;,
  0.011765;0.024278;0.004163;,
  0.011765;0.024278;0.004163;,
  0.011765;0.024278;0.008327;,
  0.011765;0.020813;0.008327;,
  0.011765;0.024278;-0.004163;,
  0.011765;0.024278;-0.008327;,
  0.008396;0.024278;-0.008327;,
  0.008396;0.024278;-0.008327;,
  0.008396;0.024278;-0.004163;,
  0.011765;0.024278;-0.004163;,
  0.011765;0.020813;-0.004163;,
  0.011765;0.020813;-0.008327;,
  0.011765;0.024278;-0.008327;,
  0.011765;0.024278;-0.008327;,
  0.011765;0.024278;-0.004163;,
  0.011765;0.020813;-0.004163;,
  0.008396;0.024278;0.004163;,
  0.008396;0.024278;0.008327;,
  0.011765;0.024278;0.008327;,
  0.011765;0.024278;0.008327;,
  0.011765;0.024278;0.004163;,
  0.008396;0.024278;0.004163;,
  0.012490;0.020817;-0.008327;,
  0.012490;0.020817;-0.004163;,
  0.008327;0.020817;-0.004163;,
  0.008327;0.020817;-0.004163;,
  0.008327;0.020817;-0.008327;,
  0.012490;0.020817;-0.008327;,
  0.012490;0.024980;-0.008327;,
  0.012490;0.020817;-0.008327;,
  0.008327;0.020817;-0.008327;,
  0.008327;0.024980;-0.008327;,
  0.012490;0.020817;-0.004163;,
  0.012490;0.024980;-0.004163;,
  0.008327;0.024980;-0.004163;,
  0.008327;0.020817;-0.004163;,
  0.012490;0.020817;0.004163;,
  0.012490;0.020817;0.008327;,
  0.008327;0.020817;0.008327;,
  0.008327;0.020817;0.008327;,
  0.008327;0.020817;0.004163;,
  0.012490;0.020817;0.004163;,
  0.012490;0.024980;0.004163;,
  0.012490;0.020817;0.004163;,
  0.008327;0.020817;0.004163;,
  0.008327;0.020817;0.004163;,
  0.008327;0.024980;0.004163;,
  0.012490;0.024980;0.004163;,
  0.012490;0.020817;0.008327;,
  0.012490;0.024980;0.008327;,
  0.008327;0.024980;0.008327;,
  0.008327;0.024980;0.008327;,
  0.008327;0.020817;0.008327;,
  0.012490;0.020817;0.008327;,
  0.008327;0.024980;0.004163;,
  0.008327;0.024980;0.000000;,
  0.008327;0.020817;0.002082;,
  0.008327;0.024980;0.008327;,
  0.008327;0.024980;0.004163;,
  0.008327;0.020817;0.002082;,
  0.008327;0.020817;0.002082;,
  0.008327;0.020809;0.008328;,
  0.008327;0.024980;0.008327;,
  0.008327;0.024972;-0.008238;,
  0.008327;0.024980;-0.012490;,
  0.008327;0.020817;-0.012490;,
  0.008327;0.020817;-0.012490;,
  0.008327;0.020817;-0.006245;,
  0.008327;0.024972;-0.008238;,
  0.008327;0.024980;0.000000;,
  0.008327;0.024980;-0.004163;,
  0.008327;0.020817;-0.006245;,
  0.008327;0.020817;-0.006245;,
  0.008327;0.020817;0.002082;,
  0.008327;0.024980;0.000000;,
  0.008327;0.020809;0.008328;,
  0.008327;0.020817;0.002082;,
  0.007582;0.016917;0.002082;,
  0.007582;0.016917;0.002082;,
  0.007582;0.016909;0.008328;,
  0.008327;0.020809;0.008328;,
  0.008327;0.020817;-0.012490;,
  0.004163;0.016653;-0.012490;,
  0.007582;0.016917;-0.006245;,
  0.008327;0.020817;0.002082;,
  0.008327;0.020817;-0.006245;,
  0.007582;0.016917;-0.006245;,
  0.007582;0.016917;-0.006245;,
  0.007582;0.016917;0.002082;,
  0.008327;0.020817;0.002082;,
  0.007582;0.016917;0.002082;,
  0.004153;0.016798;0.002082;,
  0.004161;0.016798;0.008327;,
  0.004161;0.016798;0.008327;,
  0.007582;0.016909;0.008328;,
  0.007582;0.016917;0.002082;,
  0.007582;0.016917;-0.006245;,
  0.004163;0.016653;-0.012490;,
  0.004143;0.016797;-0.006245;,
  0.007582;0.016917;-0.006245;,
  0.004143;0.016797;-0.006245;,
  0.004153;0.016798;0.002082;,
  0.004153;0.016798;0.002082;,
  0.007582;0.016917;0.002082;,
  0.007582;0.016917;-0.006245;,
  0.007582;0.016917;-0.006245;,
  0.008327;0.020817;-0.006245;,
  0.008327;0.020817;-0.012490;,
  0.004163;0.016653;-0.012490;,
  0.000000;0.016653;-0.012490;,
  0.000000;0.016653;-0.006245;,
  0.012490;0.004163;-0.008327;,
  0.012490;0.008327;-0.008327;,
  0.007075;0.004876;-0.007110;,
  0.008327;0.008327;-0.012490;,
  0.007075;0.004876;-0.007110;,
  0.005065;0.008897;-0.007780;,
  0.012490;0.020817;-0.012490;,
  0.008327;0.016653;-0.012490;,
  0.005065;0.014258;-0.007780;,
  0.005065;0.014258;-0.007780;,
  0.007745;0.016938;-0.007780;,
  0.012490;0.020817;-0.012490;,
  0.004163;0.012490;-0.012490;,
  0.008327;0.008327;-0.012490;,
  0.005065;0.008897;-0.007780;,
  0.005065;0.008897;-0.007780;,
  0.002384;0.011578;-0.007780;,
  0.004163;0.012490;-0.012490;,
  0.008327;0.016653;-0.012490;,
  0.004163;0.012490;-0.012490;,
  0.002384;0.011578;-0.007780;,
  0.002384;0.011578;-0.007780;,
  0.005065;0.014258;-0.007780;,
  0.008327;0.016653;-0.012490;,
  0.008327;0.004163;-0.012490;,
  0.012490;0.000000;-0.012490;,
  0.007075;0.004876;-0.007110;,
  0.012490;0.016653;-0.008327;,
  0.012490;0.020817;-0.012490;,
  0.007745;0.016938;-0.007780;,
  0.007745;0.016938;-0.007780;,
  0.007745;0.014258;-0.005100;,
  0.012490;0.016653;-0.008327;,
  0.012490;0.012490;-0.004163;,
  0.012490;0.016653;-0.008327;,
  0.007745;0.014258;-0.005100;,
  0.007745;0.014258;-0.005100;,
  0.007745;0.011578;-0.002419;,
  0.012490;0.012490;-0.004163;,
  0.012490;0.008327;-0.008327;,
  0.012490;0.012490;-0.004163;,
  0.007745;0.011578;-0.002419;,
  0.007745;0.011578;-0.002419;,
  0.007745;0.008897;-0.005100;,
  0.012490;0.008327;-0.008327;,
  0.012490;0.000000;-0.012490;,
  0.012490;0.004163;-0.008327;,
  0.007075;0.004876;-0.007110;,
  0.007745;0.014258;-0.005100;,
  0.007745;0.016938;-0.007780;,
  0.005065;0.014258;-0.007780;,
  0.002384;0.011578;-0.007780;,
  0.005065;0.008897;-0.007780;,
  0.007745;0.008897;-0.005100;,
  0.007745;0.008897;-0.005100;,
  0.007745;0.011578;-0.002419;,
  0.002384;0.011578;-0.007780;,
  0.007745;0.014258;-0.005100;,
  0.005065;0.014258;-0.007780;,
  0.002384;0.011578;-0.007780;,
  0.002384;0.011578;-0.007780;,
  0.007745;0.011578;-0.002419;,
  0.007745;0.014258;-0.005100;,
  0.005065;0.008897;-0.007780;,
  0.007075;0.004876;-0.007110;,
  0.007745;0.008897;-0.005100;,
  0.012490;0.008327;0.008327;,
  0.007341;0.005093;0.007792;,
  0.008005;0.009080;0.005799;,
  0.008327;0.004163;0.012490;,
  0.008327;0.008327;0.012490;,
  0.007341;0.005093;0.007792;,
  0.012490;0.020817;0.012490;,
  0.012490;0.016653;0.008327;,
  0.008005;0.014395;0.005799;,
  0.008005;0.014395;0.005799;,
  0.008005;0.017052;0.008456;,
  0.012490;0.020817;0.012490;,
  0.012490;0.016653;0.008327;,
  0.012490;0.012490;0.004163;,
  0.008005;0.011737;0.003141;,
  0.008005;0.011737;0.003141;,
  0.008005;0.014395;0.005799;,
  0.012490;0.016653;0.008327;,
  0.012490;0.012490;0.004163;,
  0.012490;0.008327;0.008327;,
  0.008005;0.009080;0.005799;,
  0.008005;0.009080;0.005799;,
  0.008005;0.011737;0.003141;,
  0.012490;0.012490;0.004163;,
  0.012490;0.004163;0.008327;,
  0.012490;0.000000;0.012490;,
  0.007341;0.005093;0.007792;,
  0.012490;0.000000;0.012490;,
  0.008327;0.004163;0.012490;,
  0.007341;0.005093;0.007792;,
  0.008327;0.008327;0.012490;,
  0.004163;0.012490;0.012490;,
  0.002690;0.011737;0.008456;,
  0.002690;0.011737;0.008456;,
  0.005347;0.009080;0.008456;,
  0.008327;0.008327;0.012490;,
  0.008327;0.016653;0.012490;,
  0.012490;0.020817;0.012490;,
  0.008005;0.017052;0.008456;,
  0.008005;0.017052;0.008456;,
  0.005347;0.014395;0.008456;,
  0.008327;0.016653;0.012490;,
  0.004163;0.012490;0.012490;,
  0.008327;0.016653;0.012490;,
  0.005347;0.014395;0.008456;,
  0.005347;0.014395;0.008456;,
  0.002690;0.011737;0.008456;,
  0.004163;0.012490;0.012490;,
  0.005347;0.014395;0.008456;,
  0.008005;0.017052;0.008456;,
  0.008005;0.014395;0.005799;,
  0.008005;0.011737;0.003141;,
  0.008005;0.009080;0.005799;,
  0.005347;0.009080;0.008456;,
  0.005347;0.009080;0.008456;,
  0.002690;0.011737;0.008456;,
  0.008005;0.011737;0.003141;,
  0.005347;0.014395;0.008456;,
  0.008005;0.014395;0.005799;,
  0.008005;0.011737;0.003141;,
  0.008005;0.011737;0.003141;,
  0.002690;0.011737;0.008456;,
  0.005347;0.014395;0.008456;,
  0.007341;0.005093;0.007792;,
  0.005347;0.009080;0.008456;,
  0.008005;0.009080;0.005799;,
  0.008327;0.020817;-0.012490;,
  0.008327;0.024980;-0.012490;,
  0.008327;0.024980;-0.008327;,
  0.008327;0.024980;-0.008327;,
  0.008327;0.020817;-0.008327;,
  0.008327;0.020817;-0.012490;,
  0.008327;0.024980;0.000000;,
  0.008327;0.024980;0.004163;,
  0.008327;0.020817;0.004163;,
  0.008327;0.020817;0.004163;,
  0.008327;0.020817;0.000000;,
  0.008327;0.024980;0.000000;,
  0.008327;0.024980;-0.004163;,
  0.008327;0.024980;0.000000;,
  0.008327;0.020817;0.000000;,
  0.008327;0.020817;0.000000;,
  0.008327;0.020817;-0.004163;,
  0.008327;0.024980;-0.004163;,
  0.008327;0.024980;0.008327;,
  0.004163;0.024980;0.008327;,
  0.004163;0.020817;0.008327;,
  0.004163;0.020817;0.008327;,
  0.008327;0.020817;0.008327;,
  0.008327;0.024980;0.008327;,
  0.004163;0.024980;0.008327;,
  -0.000000;0.024980;0.008327;,
  -0.000000;0.020817;0.008327;,
  -0.000000;0.020817;0.008327;,
  0.004163;0.020817;0.008327;,
  0.004163;0.024980;0.008327;,
  0.008327;0.020817;-0.008327;,
  0.008327;0.020817;-0.004163;,
  0.004163;0.016653;-0.003643;,
  0.008327;0.020817;0.004163;,
  0.008327;0.020817;0.008327;,
  0.004163;0.016653;0.008327;,
  0.004163;0.016653;0.008327;,
  0.004163;0.016653;-0.003643;,
  0.008327;0.020817;0.004163;,
  0.008327;0.020817;-0.012490;,
  0.008327;0.020817;-0.008327;,
  0.004163;0.016653;-0.003643;,
  0.004163;0.016653;-0.003643;,
  0.004163;0.016653;-0.012490;,
  0.008327;0.020817;-0.012490;,
  0.008327;0.020817;0.000000;,
  0.008327;0.020817;0.004163;,
  0.004163;0.016653;-0.003643;,
  0.008327;0.020817;-0.004163;,
  0.008327;0.020817;0.000000;,
  0.004163;0.016653;-0.003643;,
  0.004163;0.016653;-0.003643;,
  0.004163;0.016653;0.008327;,
  0.000000;0.016653;0.008327;,
  0.000000;0.016653;0.008327;,
  0.000000;0.016653;-0.003643;,
  0.004163;0.016653;-0.003643;,
  0.004163;0.016653;-0.012490;,
  0.004163;0.016653;-0.003643;,
  0.000000;0.016653;-0.003643;,
  0.000000;0.016653;-0.003643;,
  0.000000;0.016653;-0.012490;,
  0.004163;0.016653;-0.012490;,
  0.004163;0.020817;0.008327;,
  -0.000000;0.020817;0.008327;,
  0.000000;0.016653;0.008327;,
  0.000000;0.016653;0.008327;,
  0.004163;0.016653;0.008327;,
  0.004163;0.020817;0.008327;,
  0.008327;0.008327;0.012490;,
  0.008327;0.004163;0.012490;,
  0.010408;0.004163;0.010408;,
  0.010408;0.004163;0.010408;,
  0.010408;0.008327;0.010408;,
  0.008327;0.008327;0.012490;,
  0.008327;0.016653;0.012490;,
  0.004163;0.012490;0.012490;,
  0.008327;0.012490;0.008327;,
  0.008327;0.012490;0.008327;,
  0.010408;0.016653;0.010408;,
  0.008327;0.016653;0.012490;,
