xof 0303txt 0032
template ColorRGBA {
 <35ff44e0-6c7c-11cf-8f52-0040333594a3>
 FLOAT red;
 FLOAT green;
 FLOAT blue;
 FLOAT alpha;
}

template ColorRGB {
 <d3e16e81-7835-11cf-8f52-0040333594a3>
 FLOAT red;
 FLOAT green;
 FLOAT blue;
}

template Material {
 <3d82ab4d-62da-11cf-ab39-0020af71e433>
 ColorRGBA faceColor;
 FLOAT power;
 ColorRGB specularColor;
 ColorRGB emissiveColor;
 [...]
}

template TextureFilename {
 <a42790e1-7810-11cf-8f52-0040333594a3>
 STRING filename;
}

template Frame {
 <3d82ab46-62da-11cf-ab39-0020af71e433>
 [...]
}

template Matrix4x4 {
 <f6f23f45-7686-11cf-8f52-0040333594a3>
 array FLOAT matrix[16];
}

template FrameTransformMatrix {
 <f6f23f41-7686-11cf-8f52-0040333594a3>
 Matrix4x4 frameMatrix;
}

template Vector {
 <3d82ab5e-62da-11cf-ab39-0020af71e433>
 FLOAT x;
 FLOAT y;
 FLOAT z;
}

template MeshFace {
 <3d82ab5f-62da-11cf-ab39-0020af71e433>
 DWORD nFaceVertexIndices;
 array DWORD faceVertexIndices[nFaceVertexIndices];
}

template Mesh {
 <3d82ab44-62da-11cf-ab39-0020af71e433>
 DWORD nVertices;
 array Vector vertices[nVertices];
 DWORD nFaces;
 array MeshFace faces[nFaces];
 [...]
}

template MeshNormals {
 <f6f23f43-7686-11cf-8f52-0040333594a3>
 DWORD nNormals;
 array Vector normals[nNormals];
 DWORD nFaceNormals;
 array MeshFace faceNormals[nFaceNormals];
}

template MeshMaterialList {
 <f6f23f42-7686-11cf-8f52-0040333594a3>
 DWORD nMaterials;
 DWORD nFaceIndexes;
 array DWORD faceIndexes[nFaceIndexes];
 [Material <3d82ab4d-62da-11cf-ab39-0020af71e433>]
}

template Coords2d {
 <f6f23f44-7686-11cf-8f52-0040333594a3>
 FLOAT u;
 FLOAT v;
}

template MeshTextureCoords {
 <f6f23f40-7686-11cf-8f52-0040333594a3>
 DWORD nTextureCoords;
 array Coords2d textureCoords[nTextureCoords];
}

template XSkinMeshHeader {
 <3cf169ce-ff7c-44ab-93c0-f78f62d172e2>
 WORD nMaxSkinWeightsPerVertex;
 WORD nMaxSkinWeightsPerFace;
 WORD nBones;
}

template SkinWeights {
 <6f0d123b-bad2-4167-a0d0-80224f25fabb>
 STRING transformNodeName;
 DWORD nWeights;
 array DWORD vertexIndices[nWeights];
 array FLOAT weights[nWeights];
 Matrix4x4 matrixOffset;
}

template Animation {
 <3d82ab4f-62da-11cf-ab39-0020af71e433>
 [...]
}

template AnimationSet {
 <3d82ab50-62da-11cf-ab39-0020af71e433>
 [Animation <3d82ab4f-62da-11cf-ab39-0020af71e433>]
}

template AnimationOptions {
 <e2bf56c0-840f-11cf-8f52-0040333594a3>
 DWORD openclosed;
 DWORD positionquality;
}

template FloatKeys {
 <10dd46a9-775b-11cf-8f52-0040333594a3>
 DWORD nValues;
 array FLOAT values[nValues];
}

template TimedFloatKeys {
 <f406b180-7b3b-11cf-8f52-0040333594a3>
 DWORD time;
 FloatKeys tfkeys;
}

template AnimationKey {
 <10dd46a8-775b-11cf-8f52-0040333594a3>
 DWORD keyType;
 DWORD nKeys;
 array TimedFloatKeys keys[nKeys];
}


Material box_mat {
 0.588235;0.588235;0.588235;1.000000;;
 3.200000;
 0.000000;0.000000;0.000000;;
 0.000000;0.000000;0.000000;;

 TextureFilename {
  "box.jpg";
 }
}

Frame Root {
 

 FrameTransformMatrix {
  -0.000000,0.003667,0.999993,0.000000,0.000000,0.999993,-0.003667,0.000000,-1.000000,0.000000,-0.000000,0.000000,0.000000,0.000000,-0.000000,1.000000;;
 }

 Frame spine_01 {
  

  FrameTransformMatrix {
   0.928905,0.370317,0.000000,0.000000,-0.370317,0.928905,-0.000000,0.000000,-0.000000,0.000000,1.000000,0.000000,0.201647,-0.000000,-0.000000,1.000000;;
  }

  Frame spine_02 {
   

   FrameTransformMatrix {
    0.365990,0.930618,0.000000,0.000000,-0.930618,0.365990,-0.000000,0.000000,-0.000000,0.000000,1.000000,0.000000,0.704679,-0.000000,0.000000,1.000000;;
   }

   Frame spine_03 {
    

    FrameTransformMatrix {
     -0.026004,0.999662,-0.000002,0.000000,0.999662,0.026004,-0.000005,0.000000,-0.000005,-0.000002,-1.000000,0.000000,0.387619,0.000000,0.000000,1.000000;;
    }

    Frame Bone19 {
     

     FrameTransformMatrix {
      0.709889,-0.704313,-0.000000,0.000000,0.704313,0.709889,-0.000000,0.000000,0.000000,0.000000,1.000000,0.000000,0.410131,-0.000000,0.000000,1.000000;;
     }

     Frame {
      

      FrameTransformMatrix {
       1.000000,0.000000,-0.000000,0.000000,-0.000000,1.000000,-0.000000,0.000000,-0.000000,0.000000,1.000000,0.000000,0.000000,0.000000,0.000000,1.000000;;
      }
     }

     Frame left_front_01 {
      

      FrameTransformMatrix {
       0.484632,0.527296,0.697919,0.000000,-0.475394,0.828532,-0.295865,0.000000,-0.734256,-0.188401,0.652206,0.000000,0.645200,-0.000000,0.000000,1.000000;;
      }

      Frame {
       

       FrameTransformMatrix {
        1.000000,-0.000000,-0.000000,0.000000,-0.000000,1.000000,-0.000000,0.000000,0.000000,-0.000000,1.000000,0.000000,0.000000,0.000000,0.000000,1.000000;;
       }
      }

      Frame left_front_02 {
       

       FrameTransformMatrix {
        -0.616863,0.721341,0.314878,0.000000,0.785499,0.589488,0.188400,0.000000,-0.049716,0.363553,-0.930246,0.000000,0.237731,0.000000,-0.000000,1.000000;;
       }

       Frame {
        

        FrameTransformMatrix {
         1.000000,0.000000,0.000000,0.000000,-0.000000,1.000000,0.000000,0.000000,-0.000000,-0.000000,1.000000,0.000000,0.000000,0.000000,0.000000,1.000000;;
        }
       }

       Frame left_front_03 {
        

        FrameTransformMatrix {
         -0.549452,0.833514,-0.057953,0.000000,0.835482,0.547393,-0.048274,0.000000,-0.008514,-0.074943,-0.997152,0.000000,0.379605,0.000001,-0.000003,1.000000;;
        }

        Frame left_front_04 {
         

         FrameTransformMatrix {
          0.287739,-0.957470,0.021381,0.000000,0.957010,0.288310,0.031777,0.000000,-0.036590,0.011319,0.999266,0.000000,0.500945,0.000001,0.000000,1.000000;;
         }
        }
       }
      }
     }

     Frame left_back_01 {
      

      FrameTransformMatrix {
       -0.481941,-0.516883,0.707506,0.000000,-0.290994,0.856056,0.427189,0.000000,-0.826472,-0.000000,-0.562979,0.000000,0.645200,-0.000000,0.000000,1.000000;;
      }

      Frame {
       

       FrameTransformMatrix {
        1.000000,0.000000,0.000000,0.000000,0.000000,1.000000,-0.000000,0.000000,-0.000000,0.000000,1.000000,0.000000,0.000000,0.000000,0.000000,1.000000;;
       }
      }

      Frame left_back_02 {
       

       FrameTransformMatrix {
        -0.627230,0.624595,0.465256,0.000000,0.777081,0.541938,0.320076,0.000000,-0.052223,0.562303,-0.825281,0.000000,0.236760,-0.000000,-0.000000,1.000000;;
       }

       Frame left_back_03 {
        

        FrameTransformMatrix {
         -0.547436,0.834487,-0.062818,0.000000,0.835772,0.548995,0.009518,0.000000,0.042429,-0.047291,-0.997980,0.000000,0.380085,0.000001,-0.000003,1.000000;;
        }

        Frame {
         

         FrameTransformMatrix {
          1.000000,0.000000,0.000000,0.000000,-0.000000,1.000000,0.000000,0.000000,-0.000000,0.000000,1.000000,0.000000,0.000000,0.000000,0.000000,1.000000;;
         }
        }

        Frame left_back_04 {
         

         FrameTransformMatrix {
          0.287770,-0.956213,-0.053334,0.000000,0.957487,0.288432,-0.004989,0.000000,0.020154,-0.049631,0.998564,0.000000,0.500819,0.000001,0.000000,1.000000;;
         }
        }
       }
      }
     }

     Frame right_back_01 {
      

      FrameTransformMatrix {
       -0.481937,-0.516891,-0.707503,0.000000,-0.290992,0.856051,-0.427200,0.000000,0.826474,-0.000006,-0.562974,0.000000,0.645200,0.000000,-0.000000,1.000000;;
      }

      Frame {
       

       FrameTransformMatrix {
        1.000000,0.000000,0.000000,0.000000,-0.000000,1.000000,-0.000000,0.000000,-0.000000,0.000000,1.000000,0.000000,0.000000,0.000000,0.000000,1.000000;;
       }
      }

      Frame right_back_02 {
       

       FrameTransformMatrix {
        -0.627231,0.624595,-0.465256,0.000000,0.777081,0.541938,-0.320076,0.000000,0.052222,-0.562303,-0.825281,0.000000,0.236760,-0.000000,0.000000,1.000000;;
       }

       Frame right_back_03 {
        

        FrameTransformMatrix {
         -0.547436,0.834486,0.062818,0.000000,0.835771,0.548995,-0.009518,0.000000,-0.042429,0.047291,-0.997979,0.000000,0.380085,0.000001,0.000003,1.000000;;
        }

        Frame {
         

         FrameTransformMatrix {
          1.000000,-0.000000,0.000000,0.000000,-0.000000,1.000000,-0.000000,0.000000,-0.000000,-0.000000,1.000000,0.000000,0.000000,0.000000,0.000000,1.000000;;
         }
        }

        Frame right_back_04 {
         

         FrameTransformMatrix {
          0.287771,-0.956213,0.053334,0.000000,0.957487,0.288433,0.004990,0.000000,-0.020155,0.049631,0.998564,0.000000,0.500819,0.000001,-0.000000,1.000000;;
         }
        }
       }
      }
     }

     Frame right_front_01 {
      

      FrameTransformMatrix {
       0.484636,0.527288,-0.697922,0.000000,-0.475396,0.828535,0.295854,0.000000,0.734253,0.188408,0.652208,0.000000,0.645200,0.000000,-0.000000,1.000000;;
      }

      Frame {
       

       FrameTransformMatrix {
        1.000000,-0.000000,-0.000000,0.000000,-0.000000,1.000000,-0.000000,0.000000,0.000000,0.000000,1.000000,0.000000,0.000000,0.000000,0.000000,1.000000;;
       }
      }

      Frame right_front_02 {
       

       FrameTransformMatrix {
        -0.616863,0.721340,-0.314878,0.000000,0.785499,0.589489,-0.188400,0.000000,0.049716,-0.363553,-0.930246,0.000000,0.237731,0.000000,0.000000,1.000000;;
       }

       Frame right_front_03 {
        

        FrameTransformMatrix {
         -0.549450,0.833500,0.058169,0.000000,0.835483,0.547369,0.048542,0.000000,0.008620,0.075270,-0.997126,0.000000,0.379605,0.000001,0.000003,1.000000;;
        }

        Frame right_front_04 {
         

         FrameTransformMatrix {
          0.287738,-0.957471,-0.021381,0.000000,0.957010,0.288309,-0.031777,0.000000,0.036590,-0.011318,0.999267,0.000000,0.500945,0.000001,-0.000000,1.000000;;
         }
        }
       }
      }
     }

     Frame connectBone06 {
      

      FrameTransformMatrix {
       0.881464,0.472252,0.000002,0.000000,-0.472252,0.881464,-0.000002,0.000000,-0.000003,0.000000,1.000000,0.000000,0.645200,0.000000,0.000000,1.000000;;
      }

      Frame Bone17 {
       

       FrameTransformMatrix {
        -0.318304,0.947989,-0.000003,0.000000,0.000002,0.000004,1.000000,0.000000,0.947989,0.318304,-0.000003,0.000000,0.527009,0.000000,0.000000,1.000000;;
       }

       Frame Bone18 {
        

        FrameTransformMatrix {
         1.000000,-0.000000,0.000000,0.000000,0.000000,1.000000,-0.000000,0.000000,-0.000000,0.000000,1.000000,0.000000,0.333069,0.000000,0.000000,1.000000;;
        }
       }
      }
     }
    }

    Frame left_hand_01 {
     

     FrameTransformMatrix {
      0.389402,0.548970,0.739593,0.000000,-0.255754,0.835842,-0.485755,0.000000,-0.884848,0.000000,0.465880,0.000000,0.410131,0.000000,0.000000,1.000000;;
     }

     Frame left_hand_02 {
      

      FrameTransformMatrix {
       0.408012,-0.226916,-0.884327,0.000000,0.535278,0.844130,0.030366,0.000000,0.739597,-0.485750,0.465878,0.000000,0.675507,0.000000,0.000000,1.000000;;
      }
     }
    }

    Frame spine_04 {
     

     FrameTransformMatrix {
      0.997914,0.064552,-0.000003,0.000000,-0.064552,0.997914,0.000000,0.000000,0.000003,0.000000,1.000000,0.000000,0.410131,0.000000,0.000000,1.000000;;
     }

     Frame spine_05 {
      

      FrameTransformMatrix {
       -0.917283,0.398237,-0.000003,0.000000,0.398237,0.917283,-0.000005,0.000000,0.000001,-0.000006,-1.000000,0.000000,0.942185,0.000000,0.000000,1.000000;;
      }

      Frame spine_06 {
       

       FrameTransformMatrix {
        -0.927642,0.373460,0.002768,0.000000,0.373461,0.927646,-0.000185,0.000000,-0.002637,0.000862,-0.999996,0.000000,0.445983,0.000000,-0.000000,1.000000;;
       }
      }
     }
    }

    Frame right_hand_01 {
     

     FrameTransformMatrix {
      0.389400,0.548961,-0.739601,0.000000,-0.255752,0.835848,0.485746,0.000000,0.884850,0.000005,0.465877,0.000000,0.410131,0.000000,0.000000,1.000000;;
     }

     Frame right_hand_02 {
      

      FrameTransformMatrix {
       0.408012,-0.226916,0.884328,0.000000,0.535277,0.844131,-0.030366,0.000000,-0.739598,0.485750,0.465878,0.000000,0.675507,0.000000,0.000000,1.000000;;
      }
     }
    }
   }
  }
 }
}

Frame droid_box {
 

 FrameTransformMatrix {
  1.000000,0.000000,0.000000,0.000000,0.000000,1.000000,0.000000,0.000000,0.000000,0.000000,1.000000,0.000000,0.000000,0.000000,0.000000,1.000000;;
 }

 Mesh  {
  1143;
  0.000000;-0.000000;-0.499603;,
  0.166535;-0.000000;-0.499603;,
  0.000000;-0.000000;-0.333069;,
  0.166534;0.000000;-0.333069;,
  0.499603;0.000000;-0.333068;,
  0.000000;0.000000;-0.166534;,
  0.166534;0.000000;-0.166534;,
  0.000000;0.000000;0.000000;,
  0.166534;0.000000;0.000000;,
  0.333069;0.000000;0.000000;,
  0.499603;0.000000;0.000001;,
  0.000000;0.000000;0.166535;,
  0.166534;0.000000;0.166535;,
  0.333069;0.000000;0.166535;,
  0.499603;0.000000;0.166535;,
  0.000000;0.000000;0.333069;,
  0.166534;0.000000;0.333069;,
  0.333069;0.000000;0.333069;,
  0.499603;0.000000;0.333069;,
  0.000000;0.000000;0.499604;,
  0.166534;0.000000;0.499604;,
  0.333069;0.000000;0.499604;,
  0.499603;0.000000;0.499604;,
  0.000000;0.999207;-0.499603;,
  0.166534;0.999207;-0.499603;,
  0.499603;0.999207;-0.499603;,
  0.000000;0.999207;-0.333069;,
  0.166534;0.999207;-0.333069;,
  0.499603;0.999207;-0.333069;,
  0.000000;0.999207;-0.170676;,
  0.499603;0.999207;-0.166534;,
  0.000000;0.999207;0.000000;,
  0.166534;0.999207;0.000000;,
  0.000000;0.999207;0.166535;,
  0.166534;0.999207;0.166535;,
  0.333069;0.999207;0.166535;,
  0.499603;0.999207;0.166535;,
  0.499603;0.999207;0.333069;,
  0.166534;0.999207;0.499604;,
  0.333069;0.999207;0.499604;,
  0.499603;0.999207;0.499604;,
  0.499603;0.166534;-0.499603;,
  0.499603;0.166534;-0.333068;,
  0.499603;0.166534;0.000000;,
  0.499603;0.166534;0.166535;,
  0.499603;0.166534;0.333069;,
  0.499605;0.166534;0.499604;,
  0.333069;0.166534;0.499604;,
  0.166534;0.166534;0.499604;,
  0.000000;0.333069;-0.499603;,
  0.499603;0.333069;0.166535;,
  0.499603;0.333069;0.333069;,
  0.499603;0.333069;0.499604;,
  0.333069;0.333069;0.499604;,
  0.166534;0.333069;0.499604;,
  0.000000;0.499603;-0.499603;,
  0.499603;0.499603;-0.499603;,
  0.499603;0.499603;0.000000;,
  0.499603;0.499603;0.166535;,
  0.499603;0.499603;0.333069;,
  0.499603;0.499603;0.499604;,
  0.333069;0.499603;0.499604;,
  0.166534;0.499603;0.499604;,
  0.000000;0.499603;0.499604;,
  0.499603;0.666138;-0.499603;,
  0.499603;0.666138;-0.333069;,
  0.499603;0.666138;0.000000;,
  0.499603;0.666138;0.166535;,
  0.499603;0.666138;0.333069;,
  0.499603;0.666138;0.499604;,
  0.333069;0.666138;0.499604;,
  0.166534;0.666138;0.499604;,
  0.000000;0.832672;-0.499604;,
  0.166534;0.832672;-0.499604;,
  0.499603;0.832672;-0.499603;,
  0.499603;0.832672;-0.333069;,
  0.499603;0.832672;-0.166534;,
  0.499603;0.832672;0.166535;,
  0.499603;0.832672;0.333069;,
  0.499603;0.832672;0.499604;,
  0.333069;0.832672;0.499604;,
  0.166534;0.832672;0.499604;,
  -0.000000;0.832672;0.499604;,
  0.499603;0.333069;-0.499603;,
  0.499603;0.333069;-0.166534;,
  0.499603;0.333069;0.000000;,
  0.333069;0.000000;-0.499603;,
  0.333069;0.000000;-0.333068;,
  0.333069;0.000000;-0.166534;,
  0.499603;0.000000;-0.166534;,
  0.333069;0.999207;-0.166534;,
  0.333069;0.166534;-0.499603;,
  0.499603;0.166534;-0.166534;,
  0.333069;0.333069;-0.499603;,
  0.333069;0.499603;-0.499603;,
  0.499603;0.666138;-0.166534;,
  0.499603;0.999207;0.000000;,
  0.166534;0.499603;-0.499603;,
  0.499603;0.499603;-0.333068;,
  0.499603;0.832672;0.000000;,
  0.499603;0.499603;-0.166534;,
  0.333069;0.999207;-0.499603;,
  0.333069;0.999207;0.000000;,
  -0.000000;0.999207;0.333069;,
  0.166534;0.999207;0.333069;,
  0.000000;0.666138;-0.499603;,
  0.333069;0.832672;-0.499603;,
  0.333069;0.666138;-0.499603;,
  0.333069;0.999207;0.166535;,
  0.333069;0.999207;0.333069;,
  0.333069;0.998898;-0.329539;,
  0.333069;0.999207;-0.499603;,
  0.333069;0.999207;0.000000;,
  0.000000;0.999207;0.333069;,
  0.166534;0.999207;0.333069;,
  0.000000;0.666138;-0.499604;,
  0.166534;0.666138;-0.499604;,
  0.333069;0.832672;-0.499604;,
  0.499603;0.333069;-0.333069;,
  0.499603;0.000000;-0.499603;,
  0.499603;0.166534;-0.333068;,
  0.499603;0.666138;-0.333068;,
  0.499603;0.832672;-0.499603;,
  0.499603;0.333069;-0.333068;,
  0.333069;0.166534;-0.499603;,
  0.333069;0.333069;-0.499603;,
  0.499605;0.000000;0.499604;,
  0.499605;0.166534;0.333069;,
  0.499603;0.333069;0.333069;,
  0.333069;0.333069;0.499604;,
  0.499603;0.499603;0.166535;,
  0.166534;0.499603;0.499604;,
  0.499603;0.666138;0.333069;,
  0.333069;0.666138;0.499604;,
  0.499603;0.832672;0.499604;,
  0.499603;0.999207;-0.333069;,
  0.499603;0.999207;-0.166534;,
  0.333069;0.999207;0.166535;,
  0.499603;0.999207;0.166535;,
  0.333069;0.999207;0.333069;,
  0.499603;0.999207;0.333069;,
  0.499603;0.832672;-0.333069;,
  0.499603;0.832672;-0.166534;,
  0.499603;0.832672;0.166535;,
  0.499603;0.832672;0.333069;,
  0.333069;0.999207;-0.333069;,
  0.333069;0.999207;-0.166534;,
  0.333069;0.666138;-0.499603;,
  0.166534;0.499603;-0.499603;,
  0.499603;-0.000000;-0.499603;,
  0.499603;0.499603;-0.166534;,
  0.333071;0.166534;0.499604;,
  0.470613;0.971134;-0.333069;,
  0.470613;0.971134;-0.166534;,
  0.335821;0.971134;0.166535;,
  0.470613;0.971134;0.166535;,
  0.335821;0.971134;0.333069;,
  0.470613;0.971134;0.333069;,
  0.470613;0.832527;-0.333069;,
  0.470613;0.832527;-0.166534;,
  0.470613;0.832527;0.166535;,
  0.470613;0.832527;0.333069;,
  0.335821;0.971134;-0.333069;,
  0.335821;0.971134;-0.166534;,
  0.333069;0.999207;-0.333069;,
  0.333069;0.832672;-0.333069;,
  0.333069;0.832672;-0.166534;,
  0.333069;0.999207;0.333069;,
  0.333069;0.832672;0.333069;,
  0.333069;0.832363;0.333124;,
  0.333069;0.832672;-0.249802;,
  0.333069;0.832672;0.083267;,
  0.303261;0.676357;0.333124;,
  0.303261;0.676666;-0.249802;,
  0.303261;0.676666;0.083267;,
  0.000000;0.666138;0.333069;,
  0.000000;0.666138;-0.249802;,
  0.000000;0.666138;0.083267;,
  0.309806;0.570318;-0.203986;,
  0.309806;0.677536;-0.311203;,
  0.283002;0.195058;-0.284399;,
  0.202589;0.355883;-0.311203;,
  0.095372;0.463100;-0.311203;,
  0.309806;0.463100;-0.096769;,
  0.202589;0.570318;-0.311203;,
  0.309806;0.355883;-0.203986;,
  0.293629;0.203726;0.311673;,
  0.320205;0.363184;0.231944;,
  0.213900;0.363184;0.338249;,
  0.320205;0.469488;0.125639;,
  0.107594;0.469488;0.338249;,
  0.320205;0.575794;0.231944;,
  0.213900;0.575794;0.338249;,
  0.320205;0.682098;0.338249;,
  0.333069;0.832672;0.166535;,
  0.333069;0.832672;0.000000;,
  0.166534;0.832672;0.333069;,
  0.166534;0.666138;-0.499603;,
  0.166534;0.666138;0.333069;,
  0.166534;0.666138;-0.145717;,
  0.416338;0.166534;0.416336;,
  0.416336;0.333069;0.416336;,
  0.333069;0.499603;0.333069;,
  0.416336;0.666138;0.416337;,
  0.416336;0.666138;-0.416336;,
  0.416336;0.166534;-0.416336;,
  0.416336;0.333069;-0.416336;,
  0.333069;0.499603;-0.333068;,
  0.166534;0.166534;-0.499603;,
  0.166534;0.333069;-0.499603;,
  0.166535;-0.000000;-0.499603;,
  0.000000;0.333069;-0.499603;,
  0.333069;-0.000000;-0.499603;,
  0.166535;0.166534;-0.499603;,
  0.128830;0.129313;-0.437831;,
  0.000000;0.245525;-0.475123;,
  0.249880;0.026064;-0.442391;,
  0.000000;0.032153;-0.458710;,
  0.127839;0.032153;-0.458710;,
  0.000000;0.288167;-0.458710;,
  0.255846;0.032153;-0.458710;,
  0.000000;0.159102;-0.458710;,
  0.127839;0.160160;-0.458710;,
  0.097165;0.020300;-0.446077;,
  0.137134;0.020300;-0.446077;,
  0.100287;0.157026;-0.467061;,
  0.130139;0.019373;-0.360094;,
  0.101587;0.019259;-0.359613;,
  0.130068;0.055901;-0.385324;,
  0.101533;0.055973;-0.385282;,
  0.130867;0.005238;-0.362905;,
  0.137861;0.005416;-0.448889;,
  0.097893;0.005416;-0.448889;,
  0.102315;0.005232;-0.362425;,
  0.165712;0.671890;-0.249802;,
  0.166121;0.671906;0.083267;,
  0.166428;0.671917;0.333069;,
  0.166535;0.832363;0.289126;,
  0.000000;0.693283;0.333078;,
  0.166447;0.700756;0.333079;,
  0.274536;0.707043;0.333113;,
  0.300447;0.832363;0.333124;,
  0.289960;0.957790;0.333083;,
  0.166534;0.966503;0.333080;,
  0.000000;0.969013;0.333079;,
  0.166535;0.966503;0.289082;,
  0.289961;0.957787;0.289085;,
  0.300447;0.832363;0.289126;,
  0.274537;0.707043;0.289115;,
  0.166448;0.700752;0.289081;,
  0.166534;0.999207;-0.170566;,
  0.333069;0.999207;-0.166534;,
  -0.159748;0.389574;0.088213;,
  -0.073530;0.343792;0.001995;,
  0.012688;0.398209;-0.084223;,
  0.254516;0.443983;-0.315853;,
  0.313293;0.419586;-0.374630;,
  0.374430;0.451731;-0.435767;,
  -0.093054;0.389574;0.154907;,
  -0.006836;0.343792;0.068689;,
  0.079382;0.398209;-0.017529;,
  0.311012;0.443983;-0.259356;,
  0.369789;0.419586;-0.318133;,
  0.430927;0.451731;-0.379270;,
  -0.159748;0.543476;0.088213;,
  -0.073530;0.589258;0.001995;,
  0.012688;0.534842;-0.084223;,
  0.254516;0.580614;-0.315853;,
  0.313293;0.605011;-0.374630;,
  0.374430;0.572866;-0.435767;,
  -0.093054;0.543476;0.154907;,
  -0.006836;0.589258;0.068689;,
  0.079382;0.534842;-0.017529;,
  0.311012;0.580614;-0.259356;,
  0.369789;0.605011;-0.318133;,
  0.430927;0.572866;-0.379270;,
  -0.091081;0.389574;-0.154982;,
  -0.157775;0.389574;-0.088288;,
  -0.071557;0.343792;-0.002070;,
  -0.004863;0.343792;-0.068764;,
  0.014660;0.398209;0.084148;,
  0.081355;0.398209;0.017454;,
  0.256488;0.443983;0.315778;,
  0.312984;0.443983;0.259282;,
  0.315266;0.419586;0.374555;,
  0.371761;0.419586;0.318059;,
  0.376402;0.451731;0.435693;,
  0.432899;0.451731;0.379196;,
  -0.091082;0.543476;-0.154982;,
  -0.004864;0.589258;-0.068764;,
  -0.071558;0.589258;-0.002070;,
  -0.157775;0.543476;-0.088288;,
  0.081355;0.534842;0.017454;,
  0.014660;0.534842;0.084148;,
  0.312984;0.580614;0.259282;,
  0.256488;0.580614;0.315778;,
  0.371761;0.605013;0.318059;,
  0.315266;0.605011;0.374555;,
  0.432899;0.572866;0.379196;,
  0.376402;0.572866;0.435693;,
  -0.166534;-0.000000;-0.499603;,
  -0.166534;-0.000000;-0.333069;,
  -0.499603;-0.000000;-0.333069;,
  -0.166534;-0.000000;-0.166534;,
  -0.166534;-0.000000;0.000000;,
  -0.333069;-0.000000;0.000000;,
  -0.499603;-0.000000;0.000000;,
  -0.166534;0.000000;0.166535;,
  -0.333069;-0.000000;0.166535;,
  -0.499603;-0.000000;0.166535;,
  -0.166534;0.000000;0.333069;,
  -0.333069;0.000000;0.333069;,
  -0.499603;-0.000000;0.333069;,
  -0.166534;0.000000;0.499604;,
  -0.333069;0.000000;0.499604;,
  -0.499603;0.000000;0.499604;,
  -0.166534;0.999207;-0.499603;,
  -0.499603;0.999207;-0.499603;,
  -0.166534;0.999207;-0.333069;,
  -0.499603;0.999207;-0.333069;,
  -0.499603;0.999207;-0.166534;,
  -0.166534;0.999207;0.000000;,
  -0.166534;0.999207;0.166535;,
  -0.333069;0.999207;0.166535;,
  -0.499603;0.999207;0.166535;,
  -0.499603;0.999207;0.333069;,
  -0.000000;0.999207;0.499604;,
  -0.166534;0.999207;0.499604;,
  -0.333069;0.999207;0.499603;,
  -0.499603;0.999207;0.499603;,
  0.000000;0.166534;-0.499603;,
  -0.499603;0.166533;-0.499603;,
  -0.499603;0.166534;-0.333069;,
  -0.499603;0.166534;0.000000;,
  -0.499603;0.166534;0.166535;,
  -0.499603;0.166534;0.333069;,
  -0.499603;0.166534;0.499603;,
  -0.333069;0.166534;0.499604;,
  -0.166534;0.166534;0.499604;,
  0.000000;0.166534;0.499604;,
  -0.499603;0.333069;0.166535;,
  -0.499603;0.333069;0.333069;,
  -0.499603;0.333069;0.499603;,
  -0.333069;0.333069;0.499604;,
  -0.166534;0.333069;0.499604;,
  0.000000;0.333069;0.499604;,
  -0.499603;0.499603;-0.499603;,
  -0.499603;0.499603;0.000000;,
  -0.499603;0.499603;0.166535;,
  -0.499603;0.499603;0.333069;,
  -0.499603;0.499603;0.499603;,
  -0.333069;0.499603;0.499603;,
  -0.166534;0.499603;0.499604;,
  -0.499603;0.666138;-0.499603;,
  -0.499603;0.666138;-0.333069;,
  -0.499603;0.666138;0.000000;,
  -0.499603;0.666138;0.166535;,
  -0.499603;0.666138;0.333069;,
  -0.499603;0.666138;0.499604;,
  -0.333069;0.666138;0.499604;,
  -0.166534;0.666138;0.499604;,
  -0.000000;0.666138;0.499604;,
  -0.166534;0.832672;-0.499604;,
  -0.499603;0.832672;-0.499603;,
  -0.499603;0.832672;-0.333069;,
  -0.499603;0.832672;-0.166534;,
  -0.499603;0.832672;0.166535;,
  -0.499603;0.832672;0.333069;,
  -0.499603;0.832672;0.499604;,
  -0.333069;0.832672;0.499604;,
  -0.166534;0.832672;0.499604;,
  -0.499603;0.333069;-0.499603;,
  -0.499603;0.333069;-0.166534;,
  -0.499603;0.333069;0.000000;,
  -0.333069;-0.000000;-0.499603;,
  -0.333069;-0.000000;-0.333069;,
  -0.333069;-0.000000;-0.166534;,
  -0.499603;-0.000000;-0.166534;,
  -0.333069;0.999207;-0.166534;,
  -0.333069;0.166534;-0.499603;,
  -0.499603;0.166534;-0.166534;,
  -0.333069;0.333069;-0.499603;,
  -0.333069;0.499603;-0.499603;,
  -0.499603;0.666138;-0.166534;,
  -0.499603;0.999207;0.000000;,
  -0.166534;0.499603;-0.499603;,
  -0.499603;0.499603;-0.333069;,
  -0.499603;0.832672;0.000000;,
  -0.499603;0.499603;-0.166534;,
  -0.333069;0.999207;-0.499603;,
  -0.333069;0.999207;0.000000;,
  -0.166534;0.999207;0.333069;,
  -0.333069;0.832672;-0.499603;,
  -0.333069;0.666138;-0.499603;,
  -0.333069;0.999207;0.166535;,
  -0.333069;0.999207;0.333069;,
  -0.333069;0.998898;-0.329539;,
  -0.333069;0.999207;-0.499603;,
  -0.333069;0.999207;0.000000;,
  -0.166534;0.999207;0.333069;,
  -0.166534;0.666138;-0.499604;,
  -0.333069;0.832672;-0.499604;,
  -0.499603;0.333069;-0.333069;,
  -0.499603;-0.000000;-0.499603;,
  -0.499603;0.166533;-0.333069;,
  -0.499603;0.666138;-0.333069;,
  -0.499603;0.832672;-0.499603;,
  -0.499603;0.333069;-0.333069;,
  -0.333069;0.166534;-0.499603;,
  -0.333069;0.333069;-0.499603;,
  -0.499603;-0.000000;0.499603;,
  -0.499603;0.166534;0.333069;,
  -0.499603;0.333069;0.333069;,
  -0.333069;0.333069;0.499603;,
  -0.499603;0.499603;0.166535;,
  -0.166535;0.499603;0.499604;,
  -0.499603;0.666138;0.333069;,
  -0.333069;0.666138;0.499604;,
  -0.499603;0.832672;0.499604;,
  -0.499603;0.999207;-0.333069;,
  -0.499603;0.999207;-0.166535;,
  -0.333069;0.999207;0.166534;,
  -0.499603;0.999207;0.166534;,
  -0.333069;0.999207;0.333069;,
  -0.499603;0.999207;0.333069;,
  -0.499603;0.832672;-0.333069;,
  -0.499603;0.832672;-0.166535;,
  -0.499603;0.832672;0.166534;,
  -0.499603;0.832672;0.333069;,
  -0.333069;0.999207;-0.333069;,
  -0.333069;0.999207;-0.166534;,
  -0.333069;0.666138;-0.499603;,
  -0.166534;0.499603;-0.499603;,
  -0.499603;-0.000001;-0.499603;,
  -0.499603;0.499603;-0.166534;,
  -0.333069;0.166534;0.499603;,
  -0.470613;0.971134;-0.333069;,
  -0.470613;0.971134;-0.166535;,
  -0.335821;0.971134;0.166535;,
  -0.470613;0.971134;0.166534;,
  -0.335821;0.971134;0.333069;,
  -0.470615;0.971134;0.333069;,
  -0.470613;0.832527;-0.333069;,
  -0.470615;0.832527;-0.166535;,
  -0.470615;0.832527;0.166534;,
  -0.470615;0.832527;0.333069;,
  -0.335821;0.971134;-0.333069;,
  -0.335821;0.971134;-0.166534;,
  -0.333069;0.999207;-0.333069;,
  -0.333069;0.832672;-0.333069;,
  -0.333069;0.832672;-0.166534;,
  -0.333069;0.999207;0.333069;,
  -0.333069;0.832672;0.333069;,
  -0.333069;0.832363;0.333124;,
  -0.333069;0.832672;-0.249802;,
  -0.333069;0.832672;0.083267;,
  -0.303261;0.676357;0.333124;,
  -0.303261;0.676666;-0.249802;,
  -0.303261;0.676666;0.083267;,
  -0.309806;0.570318;-0.203987;,
  -0.309806;0.677536;-0.311204;,
  -0.283001;0.195058;-0.284399;,
  -0.202589;0.355883;-0.311204;,
  -0.095372;0.463100;-0.311204;,
  -0.309806;0.463100;-0.096769;,
  -0.202589;0.570318;-0.311204;,
  -0.309806;0.355883;-0.203986;,
  -0.293628;0.203726;0.311673;,
  -0.320205;0.363184;0.231944;,
  -0.213900;0.363184;0.338249;,
  -0.320205;0.469488;0.125639;,
  -0.107594;0.469488;0.338249;,
  -0.320205;0.575794;0.231944;,
  -0.213900;0.575794;0.338249;,
  -0.320205;0.682098;0.338249;,
  -0.333069;0.832672;0.166535;,
  -0.333069;0.832672;0.000000;,
  -0.000000;0.832672;0.333069;,
  -0.166534;0.832672;0.333069;,
  -0.166534;0.666138;-0.499603;,
  -0.166534;0.666138;0.333069;,
  -0.166534;0.666138;-0.145718;,
  0.000000;0.666138;-0.145717;,
  0.000000;0.666138;0.333069;,
  -0.416336;0.166534;0.416336;,
  -0.416336;0.333069;0.416336;,
  -0.333069;0.499603;0.333069;,
  -0.416336;0.666138;0.416336;,
  -0.416336;0.666138;-0.416336;,
  -0.416336;0.166534;-0.416336;,
  -0.416336;0.333069;-0.416336;,
  -0.333069;0.499603;-0.333069;,
  -0.166534;0.166534;-0.499603;,
  -0.166534;0.333069;-0.499603;,
  0.000000;-0.000000;-0.499603;,
  -0.166534;-0.000000;-0.499603;,
  -0.333069;-0.000000;-0.499603;,
  -0.166534;0.166534;-0.499603;,
  0.000000;0.020464;-0.445705;,
  -0.128829;0.129313;-0.437832;,
  -0.249879;0.026064;-0.442391;,
  -0.127839;0.032152;-0.458710;,
  -0.255846;0.032152;-0.458710;,
  -0.127839;0.160160;-0.458710;,
  -0.097165;0.020300;-0.446077;,
  -0.137133;0.020300;-0.446077;,
  -0.100286;0.157026;-0.467061;,
  -0.130138;0.019373;-0.360094;,
  -0.101587;0.019259;-0.359614;,
  -0.130067;0.055901;-0.385324;,
  -0.101532;0.055973;-0.385282;,
  -0.130866;0.005238;-0.362905;,
  -0.137861;0.005416;-0.448889;,
  -0.097892;0.005416;-0.448889;,
  -0.102315;0.005232;-0.362425;,
  -0.165712;0.671890;-0.249802;,
  -0.166121;0.671906;0.083267;,
  -0.166428;0.671917;0.333069;,
  -0.166535;0.832363;0.289126;,
  -0.166447;0.700756;0.333079;,
  -0.274536;0.707043;0.333113;,
  -0.300447;0.832363;0.333124;,
  -0.289959;0.957790;0.333083;,
  -0.166534;0.966503;0.333080;,
  0.000000;0.832363;0.289126;,
  0.000000;0.969013;0.289081;,
  -0.166535;0.966503;0.289082;,
  -0.289961;0.957787;0.289085;,
  -0.300447;0.832363;0.289126;,
  -0.274537;0.707043;0.289115;,
  -0.166448;0.700752;0.289081;,
  0.000000;0.693283;0.289080;,
  -0.166534;0.999207;-0.170566;,
  -0.333069;0.999207;-0.166534;,
  0.159748;0.389574;0.088213;,
  0.073530;0.343792;0.001995;,
  -0.012688;0.398209;-0.084223;,
  -0.254516;0.443983;-0.315853;,
  -0.313293;0.419586;-0.374630;,
  -0.374430;0.451731;-0.435767;,
  0.093054;0.389574;0.154907;,
  0.006836;0.343792;0.068689;,
  -0.079382;0.398209;-0.017529;,
  -0.311012;0.443983;-0.259356;,
  -0.369789;0.419586;-0.318133;,
  -0.430925;0.451731;-0.379270;,
  0.159748;0.543476;0.088213;,
  0.073530;0.589258;0.001995;,
  -0.012688;0.534842;-0.084223;,
  -0.254516;0.580614;-0.315853;,
  -0.313293;0.605011;-0.374630;,
  -0.374430;0.572866;-0.435767;,
  0.093054;0.543476;0.154907;,
  0.006836;0.589258;0.068689;,
  -0.079382;0.534842;-0.017529;,
  -0.311012;0.580614;-0.259356;,
  -0.369789;0.605011;-0.318133;,
  -0.430927;0.572866;-0.379270;,
  0.091082;0.389574;-0.154982;,
  0.157776;0.389574;-0.088288;,
  0.071558;0.343792;-0.002070;,
  0.004864;0.343792;-0.068764;,
  -0.014660;0.398209;0.084148;,
  -0.081354;0.398209;0.017454;,
  -0.256488;0.443983;0.315778;,
  -0.312984;0.443983;0.259281;,
  -0.315266;0.419586;0.374555;,
  -0.371761;0.419586;0.318059;,
  -0.376402;0.451731;0.435692;,
  -0.432899;0.451731;0.379196;,
  0.091082;0.543476;-0.154982;,
  0.004864;0.589258;-0.068764;,
  0.071558;0.589258;-0.002070;,
  0.157775;0.543476;-0.088288;,
  -0.081354;0.534842;0.017454;,
  -0.014660;0.534842;0.084148;,
  -0.312984;0.580614;0.259281;,
  -0.256488;0.580614;0.315778;,
  -0.371761;0.605011;0.318059;,
  -0.315266;0.605011;0.374555;,
  -0.432899;0.572866;0.379196;,
  -0.376402;0.572866;0.435692;,
  0.166534;0.999207;-0.499603;,
  0.000000;0.999207;-0.499603;,
  0.333069;0.999207;-0.499603;,
  0.499603;0.999207;-0.499603;,
  0.333069;0.999207;-0.499603;,
  0.499603;0.000000;-0.333068;,
  0.499603;0.000000;-0.499603;,
  0.499603;0.000000;-0.166534;,
  0.499603;0.000000;0.000001;,
  0.499603;0.000000;0.166535;,
  0.499603;0.000000;0.333069;,
  0.499603;0.166534;-0.499603;,
  0.499603;0.333069;-0.499603;,
  0.499603;0.499603;-0.499603;,
  0.499603;0.666138;-0.499603;,
  0.499603;0.832672;-0.499603;,
  0.499603;0.999207;-0.333069;,
  0.499603;0.999207;-0.499603;,
  0.499603;0.999207;-0.166534;,
  0.499603;0.999207;-0.333069;,
  0.499603;0.999207;0.000000;,
  0.499603;0.999207;-0.166534;,
  0.499603;0.999207;0.166535;,
  0.499603;0.999207;0.333069;,
  0.499603;0.999207;0.166535;,
  0.499603;0.999207;0.499604;,
  0.499603;0.999207;0.333069;,
  0.499603;0.000000;0.499604;,
  0.333069;0.000000;0.499604;,
  0.166534;0.000000;0.499604;,
  0.000000;0.000000;0.499604;,
  0.499605;0.166534;0.499604;,
  0.499603;0.333069;0.499604;,
  0.499603;0.499603;0.499604;,
  0.499603;0.666138;0.499604;,
  0.499603;0.832672;0.499604;,
  0.333069;0.999207;0.499604;,
  0.499603;0.999207;0.499604;,
  0.166534;0.999207;0.499604;,
  -0.000000;0.999207;0.499604;,
  0.499603;0.000000;-0.499603;,
  0.333069;0.000000;-0.499603;,
  0.499603;0.832672;-0.499603;,
  0.499603;-0.000000;-0.499603;,
  0.499603;0.000000;0.499604;,
  0.499605;0.000000;0.499604;,
  0.499603;0.832672;0.499604;,
  0.499603;0.832672;-0.499603;,
  0.333069;0.666138;-0.499603;,
  0.499603;0.666138;-0.333068;,
  0.499603;0.499603;-0.166534;,
  0.333069;0.333069;-0.499603;,
  0.333069;0.166534;-0.499603;,
  0.166534;0.499603;-0.499603;,
  0.499603;-0.000000;-0.499603;,
  0.499603;0.333069;0.333069;,
  0.499605;0.166534;0.333069;,
  0.499603;0.666138;0.333069;,
  0.499603;0.832672;0.499604;,
  0.499603;0.499603;0.166535;,
  0.499605;0.000000;0.499604;,
  0.333069;0.999207;0.166535;,
  0.333069;0.999207;0.333069;,
  0.333069;0.999207;-0.333069;,
  0.333069;0.999207;-0.166534;,
  0.499603;0.999207;-0.333069;,
  0.333069;0.999207;-0.333069;,
  0.333069;0.999207;-0.166534;,
  0.499603;0.999207;-0.166534;,
  0.499603;0.999207;0.166535;,
  0.333069;0.999207;0.166535;,
  0.333069;0.999207;0.333069;,
  0.499603;0.999207;0.333069;,
  0.499603;0.832672;-0.166534;,
  0.499603;0.832672;-0.333069;,
  0.499603;0.832672;0.333069;,
  0.499603;0.832672;0.166535;,
  0.499603;0.832672;-0.333069;,
  0.499603;0.832672;-0.166534;,
  0.499603;0.832672;0.166535;,
  0.499603;0.832672;0.333069;,
  0.499603;0.832672;-0.333069;,
  0.499603;0.832672;-0.166534;,
  0.499603;0.999207;-0.333069;,
  0.333069;0.832672;-0.333069;,
  0.499603;0.832672;-0.333069;,
  0.333069;0.999207;-0.333069;,
  0.499603;0.832672;-0.166534;,
  0.333069;0.999207;-0.166534;,
  0.499603;0.999207;-0.166534;,
  0.333069;0.832672;-0.166534;,
  0.499603;0.832672;0.166535;,
  0.499603;0.832672;0.333069;,
  0.499603;0.999207;0.166535;,
  0.333069;0.832672;0.166535;,
  0.499603;0.832672;0.166535;,
  0.333069;0.999207;0.166535;,
  0.499603;0.832672;0.333069;,
  0.333069;0.999207;0.333069;,
  0.499603;0.999207;0.333069;,
  0.333069;0.832672;0.333069;,
  0.333069;0.999207;0.166535;,
  0.333069;0.999207;0.000000;,
  0.333069;0.999207;0.333069;,
  0.333069;0.998898;-0.329539;,
  0.333069;0.832672;-0.499604;,
  0.333069;0.999207;-0.499603;,
  0.333069;0.999207;-0.166534;,
  0.166534;0.666138;-0.499604;,
  0.166534;0.666138;-0.499604;,
  0.000000;0.666138;-0.499604;,
  0.499603;0.166534;-0.333068;,
  0.499603;0.333069;-0.333069;,
  0.333069;0.333069;-0.499603;,
  0.499603;0.832672;-0.499603;,
  0.333069;0.666138;-0.499603;,
  0.166534;0.499603;-0.499603;,
  0.333069;0.166534;-0.499603;,
  0.499603;0.000000;-0.499603;,
  0.499603;0.666138;-0.333069;,
  0.499603;0.832672;-0.499603;,
  0.499603;0.499603;-0.166534;,
  0.499603;0.000000;-0.499603;,
  0.499603;0.333069;0.333069;,
  0.333069;0.166534;0.499604;,
  0.333069;0.333069;0.499604;,
  0.499603;0.832672;0.499604;,
  0.499603;0.666138;0.333069;,
  0.499603;0.499603;0.166535;,
  0.499603;0.166534;0.333069;,
  0.499603;0.000000;0.499604;,
  0.499603;0.000000;0.499604;,
  0.166534;0.499603;0.499604;,
  0.333069;0.666138;0.499604;,
  0.499603;0.832672;0.499604;,
  0.333069;0.832672;-0.499603;,
  0.333069;0.999207;-0.333069;,
  0.333069;0.999207;-0.499603;,
  0.333069;0.832672;-0.333069;,
  0.333069;0.999207;0.000000;,
  0.333069;0.832672;0.166535;,
  0.333069;0.999207;0.166535;,
  0.333069;0.999207;-0.166534;,
  0.333069;0.832672;-0.166534;,
  0.166534;0.999207;0.333069;,
  -0.000000;0.999207;0.333069;,
  0.333069;0.832672;0.333069;,
  0.166534;0.666138;-0.499603;,
  0.000000;0.666138;-0.499603;,
  0.333069;0.333069;0.499604;,
  0.333071;0.166534;0.499604;,
  0.333069;0.666138;0.499604;,
  0.166534;0.499603;0.499604;,
  0.499603;0.333069;-0.333068;,
  0.499603;0.166534;-0.333068;,
  0.166535;-0.000000;-0.499603;,
  0.000000;-0.000000;-0.499603;,
  0.333069;-0.000000;-0.499603;,
  0.166535;0.166534;-0.499603;,
  0.333069;-0.000000;-0.499603;,
  0.000000;0.333069;-0.499603;,
  0.000000;-0.000000;-0.499603;,
  0.166535;-0.000000;-0.499603;,
  0.333069;0.000000;-0.499603;,
  0.333069;0.000000;-0.499603;,
  0.166534;0.166534;-0.499603;,
  0.000000;0.333069;-0.499603;,
  0.137134;0.020300;-0.446077;,
  0.128830;0.129313;-0.437831;,
  0.097165;0.020300;-0.446077;,
  0.100287;0.157026;-0.467061;,
  0.137861;0.005416;-0.448889;,
  0.130867;0.005238;-0.362905;,
  0.137134;0.020300;-0.446077;,
  0.097165;0.020300;-0.446077;,
  0.102315;0.005232;-0.362425;,
  0.097893;0.005416;-0.448889;,
  0.333069;0.832363;0.333124;,
  0.333069;0.999207;0.333069;,
  0.166428;0.671917;0.333069;,
  0.303261;0.676357;0.333124;,
  0.000000;0.999207;0.333069;,
  0.166534;0.999207;0.333069;,
  0.000000;0.666138;0.333069;,
  0.166535;0.966503;0.289082;,
  0.000000;0.969013;0.289081;,
  0.289961;0.957787;0.289085;,
  0.300447;0.832363;0.289126;,
  0.274537;0.707043;0.289115;,
  0.166448;0.700752;0.289081;,
  0.000000;0.693283;0.289080;,
  -0.073530;0.343792;0.001995;,
  -0.006836;0.343792;0.068689;,
  0.012688;0.398209;-0.084223;,
  0.079382;0.398209;-0.017529;,
  0.254516;0.443983;-0.315853;,
  0.311012;0.443983;-0.259356;,
  0.313293;0.419586;-0.374630;,
  0.369789;0.419586;-0.318133;,
  -0.073530;0.589258;0.001995;,
  -0.006836;0.589258;0.068689;,
  0.012688;0.534842;-0.084223;,
  0.079382;0.534842;-0.017529;,
  0.254516;0.580614;-0.315853;,
  0.311012;0.580614;-0.259356;,
  0.313293;0.605011;-0.374630;,
  0.369789;0.605011;-0.318133;,
  -0.159748;0.389574;0.088213;,
  -0.073530;0.589258;0.001995;,
  -0.073530;0.343792;0.001995;,
  -0.159748;0.543476;0.088213;,
  0.012688;0.534842;-0.084223;,
  0.012688;0.398209;-0.084223;,
  0.254516;0.580614;-0.315853;,
  0.254516;0.443983;-0.315853;,
  0.313293;0.605011;-0.374630;,
  0.313293;0.419586;-0.374630;,
  0.374430;0.572866;-0.435767;,
  0.374430;0.451731;-0.435767;,
  0.374430;0.451731;-0.435767;,
  0.430927;0.572866;-0.379270;,
  0.430927;0.451731;-0.379270;,
  0.374430;0.572866;-0.435767;,
  0.430927;0.451731;-0.379270;,
  0.369789;0.605011;-0.318133;,
  0.369789;0.419586;-0.318133;,
  0.430927;0.572866;-0.379270;,
  0.311012;0.580614;-0.259356;,
  0.311012;0.443983;-0.259356;,
  0.079382;0.534842;-0.017529;,
  0.079382;0.398209;-0.017529;,
  -0.006836;0.589258;0.068689;,
  -0.006836;0.343792;0.068689;,
  -0.093054;0.543476;0.154907;,
  -0.093054;0.389574;0.154907;,
  -0.093054;0.389574;0.154907;,
  -0.159748;0.543476;0.088213;,
  -0.159748;0.389574;0.088213;,
  -0.093054;0.543476;0.154907;,
  -0.004863;0.343792;-0.068764;,
  -0.071557;0.343792;-0.002070;,
  0.081355;0.398209;0.017454;,
  0.014660;0.398209;0.084148;,
  0.312984;0.443983;0.259282;,
